Please Wait .....

------------ We dont have data to be process ------------




------------ We dont have data to be process ------------




----------------- data ready to process -----------------
Accuracy :  100.0 %
--- 9.10120415688 seconds ---
Precision    :  1.0
Recall       :  1.0
f1 Socre     :  1.0
[1]

Done



----------------- data ready to process -----------------
Accuracy :  100.0 %
--- 9.48065590858 seconds ---
Precision    :  0.5765983112183354
Recall       :  0.5765983112183354
f1 Socre     :  0.5765983112183354
[1 0 1 1 0 0 1 0 0 0 0 0 0 0 1 0 1 0 0 1 1 1 0 0 1 0 0 0 1 0 0 1 0 0 0 0 0
 0 0 0 1 0 1 0 1 0 0 0 0 1 1 1 1 0 0 0 0 0 0 1 1 1 0 0 0 1 1 0 1 1 0 1 1 1
 0 0 1 0 0 0 0 1 0 1 0 0 0 0 0 0 1 0 0 1 1 0 0 1 1 0 0 0 1 0 0 0 1 0 0 0 0
 0 0 0 0 1 0 0 1 0 0 0 0 1 0 0 0 1 0 0 0 1 1 0 0 1 1 0 1 1 1 1 0 0 1 0 1 0
 1 1 1 0 1 1 1 0 1 0 1 0 0 1 0 0 0 1 0 0 0 1 0 0 1 1 1 0 1 0 1 1 0 1 0 1 1
 0 1 0 1 0 0 1 0 1 1 1 0 1 1 1 0 1 0 0 1 0 0 0 1 0 0 0 0 0 0 1 0 0 0 1 1 1
 0 0 0 0 1 0 0 0 0 0 1 1 1 1 1 0 1 1 1 0 1 0 1 1 0 1 0 0 0 1 1 1 1 1 0 0 1
 0 0 1 0 1 0 1 0 1 0 0 1 0 1 0 0 0 0 0 0 0 1 0 1 1 0 0 0 0 0 0 0 0 1 1 0 1
 1 0 1 0 0 1 0 1 1 0 0 1 1 1 0 1 0 0 1 1 0 1 1 0 0 1 0 1 1 0 0 0 0 1 1 0 0
 1 1 1 1 0 0 0 0 0 1 0 1 0 0 1 1 1 1 1 0 1 0 0 1 1 1 1 0 0 0 1 1 0 0 1 1 1
 0 1 0 1 1 0 0 0 0 1 0 0 1 1 1 1 0 1 0 1 0 0 0 0 0 1 1 0 0 0 1 0 0 1 1 1 0
 1 0 0 0 1 0 1 0 1 1 1 1 1 0 0 0 1 0 0 0 1 1 0 0 1 0 1 0 0 1 1 0 0 0 0 0 0
 1 1 1 1 0 0 1 0 1 1 0 0 0 1 0 0 0 1 1 0 1 0 0 1 0 0 0 0 0 0 1 1 1 1 1 1 0
 0 0 0 0 0 0 1 0 1 1 0 1 0 1 0 0 1 0 0 1 0 0 0 0 0 1 1 0 0 0 0 1 0 0 0 0 1
 0 0 1 0 0 1 1 0 0 1 0 0 1 0 1 1 0 1 0 1 0 1 0 0 1 0 0 0 0 0 1 1 0 1 0 0 1
 1 1 0 1 0 0 1 0 0 0 0 0 0 0 1 0 1 0 1 0 0 1 0 0 1 0 1 0 0 1 0 0 1 0 0 1 0
 1 1 0 1 1 0 0 0 0 1 1 1 0 1 1 1 0 1 1 1 0 0 1 1 0 0 0 0 0 0 1 0 0 0 1 0 0
 0 0 0 0 1 0 0 0 0 0 1 1 1 1 0 1 0 0 1 0 1 1 0 1 0 1 0 0 1 1 0 1 1 1 1 0 1
 0 0 0 0 1 1 1 0 0 0 1 0 0 1 1 1 0 1 1 0 1 0 1 0 1 0 1 1 0 0 0 1 0 0 1 1 0
 0 0 1 0 1 0 0 1 0 0 1 0 1 0 0 1 0 0 1 0 0 1 0 1 1 0 0 0 0 1 0 1 1 1 1 0 0
 1 0 1 1 1 0 1 1 1 1 0 1 0 1 1 1 0 0 1 0 0 0 0 0 1 0 1 0 1 0 0 1 0 0 1 1 1
 1 1 0 0 0 1 1 1 1 0 1 1 0 0 1 1 0 1 1 0 0 1 0 1 1 0 0 0 1 0 1 1 0 1 0 1 0
 0 0 0 1 0 1 0 1 0 1 1 0 0 0 0]

Done



----------------- data ready to process -----------------
Accuracy :  100.0 %
--- 9.59153199196 seconds ---
Precision    :  0.5412087912087912
Recall       :  0.5412087912087912
f1 Socre     :  0.5412087912087912
728
[0 1 1 1 1 1 0 0 0 0 0 1 1 1 1 1 0 0 0 1 0 0 0 0 1 1 0 0 1 0 1 0 1 1 1 0 0
 1 0 1 1 1 1 0 1 0 1 0 0 1 0 1 0 1 0 1 1 0 0 0 1 0 1 1 1 0 0 1 1 0 1 1 1 1
 0 1 1 1 0 0 0 0 0 1 0 0 1 0 0 0 0 0 1 0 1 0 0 1 1 0 1 1 1 0 0 0 1 0 0 0 0
 1 0 1 1 1 0 0 1 0 1 0 0 0 0 0 0 0 0 1 0 0 1 0 1 0 0 0 0 0 0 1 0 0 0 0 0 1
 0 1 0 0 1 1 0 1 1 0 0 0 0 1 0 1 0 0 0 1 0 1 0 0 1 0 0 0 1 0 1 1 1 1 1 0 1
 0 1 0 0 1 1 1 1 1 1 1 1 0 0 1 0 0 1 0 1 1 1 1 0 1 0 0 0 0 1 0 1 0 1 1 0 1
 0 1 1 1 1 0 0 0 1 0 1 0 0 1 0 0 0 1 0 1 0 1 0 1 1 0 0 0 0 1 1 1 0 1 0 1 1
 0 0 1 0 0 0 1 1 1 0 1 0 1 1 1 0 0 0 0 1 0 0 1 0 0 1 1 0 0 0 1 1 1 1 1 0 1
 1 1 0 0 0 0 1 1 1 0 1 0 0 1 1 1 0 1 0 1 1 1 0 1 1 0 0 1 1 0 0 1 0 0 0 1 0
 0 1 0 1 0 1 0 1 1 1 0 0 1 0 1 0 0 0 0 1 0 0 0 0 0 1 0 1 0 1 0 1 1 1 1 1 0
 0 1 0 1 0 0 1 1 0 0 0 0 0 1 0 0 1 1 1 1 1 1 0 0 0 0 1 0 0 1 0 1 1 0 0 1 0
 0 0 1 0 0 1 0 0 1 0 1 1 0 1 0 0 0 0 1 1 1 0 1 1 0 0 0 0 1 1 0 0 1 0 0 1 1
 1 0 1 1 1 1 0 1 0 1 1 0 0 1 1 0 0 0 0 1 0 0 1 1 1 1 0 0 0 0 0 0 0 1 1 1 1
 0 0 1 0 0 0 1 0 1 1 0 0 1 0 0 1 0 1 0 0 0 1 1 0 0 1 0 0 0 0 1 0 0 0 1 0 1
 1 0 1 1 0 1 0 1 0 1 0 1 0 0 0 1 0 1 0 1 1 0 0 0 0 0 0 1 0 0 1 0 0 1 1 0 1
 1 1 0 0 0 1 1 1 1 0 0 1 1 0 0 0 0 1 0 0 1 1 1 0 1 1 1 0 1 1 1 1 0 0 0 0 1
 0 1 0 1 1 0 0 0 0 1 1 1 1 0 0 0 1 0 0 1 1 1 0 1 0 0 0 0 0 0 1 0 0 1 0 1 1
 0 0 1 1 1 0 0 0 1 1 1 1 1 1 1 1 0 1 1 0 1 0 0 1 0 0 0 1 0 0 0 1 1 0 0 1 0
 0 0 0 0 1 0 1 0 0 1 1 0 1 0 1 1 0 1 1 1 0 1 1 0 1 0 0 1 1 0 0 1 1 0 0 1 1
 0 1 0 1 1 1 1 0 0 1 0 1 1 0 1 0 1 0 0 1 0 0 1 0 1]

Done



----------------- data ready to process -----------------
Accuracy :  99.99284359680824 %
--- 9.65133285522 seconds ---
Precision    :  0.560126582278481
Recall       :  0.560126582278481
f1 Socre     :  0.560126582278481
[0 0 0 1 1 0 1 0 1 1 1 1 0 0 0 0 0 0 1 0 1 0 0 0 0 1 0 0 1 1 1 0 1 0 0 0 0
 0 0 1 1 0 1 1 0 0 1 0 0 1 0 0 1 1 0 1 0 0 0 0 1 0 0 0 0 0 0 0 1 0 1 0 0 1
 1 0 0 0 1 0 0 0 0 0 1 0 0 0 0 1 1 1 1 1 1 1 0 0 1 1 1 1 1 1 1 0 1 1 0 1 0
 0 0 0 1 1 0 1 0 0 1 0 0 1 0 0 0 0 1 1 0 1 1 0 0 0 1 1 0 0 1 1 0 0 0 1 0 0
 0 0 0 0 1 1 1 0 0 0 0 1 1 0 1 0 0 0 0 1 1 1 1 1 0 0 0 1 1 1 0 0 0 1 1 0 0
 0 1 0 0 0 1 0 1 0 0 0 0 0 0 0 0 1 0 0 1 1 0 1 1 1 1 0 0 0 1 1 0 0 0 0 0 0
 1 1 0 1 0 1 0 1 0 0 0 1 0 0 0 0 0 0 0 1 1 0 0 0 1 1 0 0 1 1 0 0 1 1 0 1 0
 0 1 0 1 1 0 1 0 1 0 1 0 1 0 1 1 0 0 0 0 1 1 0 1 0 1 1 0 0 1 1 0 0 0 0 0 0
 1 1 1 0 1 0 0 1 0 1 0 1 0 0 0 0 1 1 0 0 0 1 1 1 0 1 0 0 0 0 1 1 0 0 0 1 1
 1 1 0 0 1 1 1 0 1 1 0 0 0 1 0 1 1 1 1 1 0 0 0 0 0 0 0 1 1 1 0 0 1 1 0 1 0
 1 0 0 1 1 1 1 0 1 0 0 0 1 1 1 0 0 0 1 1 1 1 0 0 0 1 0 1 1 0 0 0 0 1 1 0 0
 0 1 0 0 0 1 0 1 1 0 0 0 0 1 0 1 0 1 0 1 0 1 1 0 1 0 1 1 0 0 1 0 1 1 1 1 0
 0 0 0 0 0 0 0 1 0 0 0 1 1 1 1 1 1 0 1 0 0 0 1 1 0 1 0 0 1 1 0 1 0 1 0 1 1
 1 0 0 0 1 1 0 0 1 1 1 0 0 1 0 0 0 1 0 1 1 0 0 0 1 1 1 0 1 1 1 1 1 1 1 0 0
 0 0 1 0 0 0 0 0 0 0 0 0 1 1 1 0 0 1 0 1 1 1 1 0 0 0 1 0 0 0 1 1 1 0 0 1 0
 0 0 1 0 0 0 0 1 0 1 0 0 0 0 0 0 0 1 1 0 1 0 0 0 1 1 1 0 1 1 0 0 1 1 0 0 1
 0 0 1 0 0 0 1 0 1 1 0 0 0 0 0 0 1 1 0 0 0 0 0 0 0 0 1 1 0 1 0 0 0 0 0 0 1
 0 0 0 0 0 1 1 1 1 0 0 1 1 1 0 1 1 1 0 0 1 0 0 0 0 0 1 0 0 0 0 0 1 0 1 1 1
 0 1 1 0 0 1 0 1 1 0 1 1 0 1 1 0 1 0 0 1 1 1 1 0 1 1 1 1 1 0 1 1 1 0 1 1 1
 0 1 1 1 1 0 1 0 0 0 0 1 0 1 1 0 0 1 0 1 0 0 1 1 1 0 1 0 0 0 1 1 0 0 0 0 0
 0 1 1 1 1 0 1 0 0 1 0 0 0 1 0 0 0 1 0 1 1 0 0 0 1 0 1 1 0 0 0 1 1 1 0 1 1
 0 1 0 0 0 1 0 0 1 0 1 0 1 1 1 1 0 1 0 0 1 1 1 1 0 0 0 1 0 1 1 1 1 0 0 1 0
 0 0 1 0 0 1 0 0 1 1 0 1 1 1 1 1 1 1 1 0 1 0 1 0 1 0 0 1 1 0 0 0 1 1 0 1 1
 1 1 0 0 0 1 0 0 0 0 1 1 1 1 1 1 1 0 0 0 1 0 0 0 0 0 0 0 0 1 0 0 1 0 1 1 1
 1 1 1 1 1 1 0 1 0 0 0 1 1 0 0 1 0 0 0 0 1 0 0 1 0 0 0 1 0 0 0 1 1 1 1 0 1
 0 0 1 0 0 0 0 1 0 1 0 1 0 0 1 1 0 0 1 0 1 1 0]

Done



----------------- data ready to process -----------------
Accuracy :  100.0 %
--- 13.2660501003 seconds ---
Precision    :  0.5817361894024803
Recall       :  0.5817361894024803
f1 Socre     :  0.5817361894024803
948
[0 0 1 1 0 0 0 1 0 0 1 1 1 0 0 1 1 1 1 0 1 1 1 0 1 0 1 1 0 0 0 0 1 0 1 0 0
 0 1 1 0 0 1 1 0 0 1 1 1 1 0 0 0 0 0 0 1 1 0 0 0 0 0 0 1 0 1 1 0 0 1 1 1 1
 1 1 0 0 0 1 0 1 0 1 1 1 1 1 0 0 1 0 1 1 1 0 0 1 0 1 0 0 0 1 0 1 1 1 1 0 0
 0 1 1 0 0 1 1 0 0 1 0 0 0 0 1 0 1 0 1 1 0 0 1 1 1 0 1 1 1 0 0 0 0 0 0 0 0
 1 0 1 0 1 1 0 0 1 1 0 1 0 1 1 0 0 0 1 0 0 1 0 1 0 1 0 0 0 1 1 0 1 0 0 0 0
 0 1 0 0 0 1 1 1 1 0 0 1 0 1 1 0 1 1 1 1 0 1 0 1 0 0 1 0 1 0 1 0 1 0 1 0 1
 1 0 0 0 0 1 0 1 0 1 0 0 1 0 1 0 1 0 1 0 1 0 0 0 0 1 0 0 1 1 0 1 0 0 0 0 1
 0 1 1 0 0 1 0 0 0 0 0 0 0 1 0 1 1 0 0 1 0 0 1 0 1 1 1 0 0 1 0 1 1 0 0 0 0
 0 0 0 1 0 0 0 1 1 0 0 0 1 1 1 1 1 0 0 1 0 1 1 1 0 0 0 1 0 0 1 0 1 1 1 1 1
 1 0 0 0 1 0 0 0 0 1 1 1 1 0 1 0 0 0 1 0 0 0 1 1 0 1 1 1 1 0 0 0 0 1 1 0 0
 0 0 1 0 1 1 0 0 0 0 0 0 1 0 1 1 0 0 1 0 0 0 0 0 1 1 0 0 1 0 1 0 0 0 0 0 1
 0 0 1 0 0 0 1 0 0 1 0 0 1 0 1 1 0 1 1 0 0 0 0 0 0 1 0 0 0 0 0 1 0 0 0 1 0
 0 0 1 1 1 0 1 1 1 1 1 1 1 1 0 1 0 1 1 1 1 0 0 0 1 1 1 1 1 0 0 0 1 0 0 0 1
 1 0 0 1 1 0 0 1 0 0 1 0 0 1 1 0 0 1 0 0 1 0 1 1 0 0 1 1 1 0 1 1 0 1 1 1 0
 0 0 0 1 1 0 0 1 0 0 0 0 0 1 1 0 0 0 1 1 0 1 1 1 0 1 0 0 1 0 0 0 0 0 0 0 0
 1 0 0 1 1 0 0 0 0 1 0 0 0 0 1 0 1 1 0 0 0 1 0 0 0 1 0 0 1 1 1 1 1 0 0 0 0
 0 0 1 0 0 1 1 0 1 1 1 0 0 0 1 0 1 0 0 0 1 1 1 1 0 1 0 0 0 0 0 1 1 1 0 0 0
 1 1 1 0 0 0 0 0 0 0 1 0 0 0 0 1 0 0 0 0 0 1 1 0 1 0 0 0 1 0 1 0 0 0 0 0 1
 0 0 0 1 0 0 0 0 1 1 1 1 1 0 0 0 1 0 0 1 0 1 0 0 1 0 0 0 0 1 0 0 0 0 0 0 0
 0 0 0 1 1 1 0 1 1 1 1 0 0 0 1 0 1 1 1 0 1 1 1 1 0 0 1 0 1 1 1 0 1 0 1 0 0
 1 0 0 0 1 0 0 0 0 0 0 1 1 0 1 0 0 1 1 0 0 0 0 1 1 1 1 1 0 1 0 0 0 1 0 0 0
 1 1 1 0 1 0 1 0 1 1 1 0 1 1 1 0 0 0 0 0 0 1 1 0 1 0 0 1 0 0 1 0 1 0 0 1 0
 0 1 0 1 0 0 1 0 1 0 0 1 0 1 0 1 0 0 1 1 0 1 1 1 0 1 0 0 0 1 0 1 0 0 0 0 0
 0 1 0 1 0 0 1 0 0 0 1 0 0 1 0 0 0 0 0 1 1 0 1 1 1 0 0 0 0 1 0 1 0 1 0 0]

Done



----------------- data ready to process -----------------
Accuracy :  100.0 %
--- 9.27751898766 seconds ---
Precision    :  0.564935064935065
Recall       :  0.564935064935065
f1 Socre     :  0.564935064935065
[0 1 1 1 0 0 1 0 0 1 1 0 0 0 1 0 1 1 0 0 1 1 0 1 1 1 0 1 1 0 1 1 1 0 0 0 0
 0 0 1 1 0 0 0 1 0 0 0 1 0 0 1 0 0 0 0 0 0 0 0 0 0 0 0 1 1 1 1 1 1 0 0 0 0
 1 1 0 0 0 0 0 1 0 0 1 1 1 0 1 0 0 0 0 0 1 0 0 1 0 0 1 0 0 0 0 1 0 1 1 0 1
 0 0 1 0 1 0 1 0 1 1 1 0 1 1 1 0 0 0 1 0 1 1 1 0 1 1 1 0 0 1 0 1 1 0 1 0 0
 1 1 0 1 0 1 1 0 0 1 1 1 0 0 1 1 1 0 0 0 0 1 0 1 1 0 1 0 1 0 0 0 0 0 0 0 0
 1 1 1 0 1 0 0 1 0 0 1 0 1 0 1 1 1 1 0 1 1 0 0 1 0 1 0 0 0 0 1 1 0 1 1 0 0
 0 0 0 0 1 0 1 1 1 0 0 0 1 1 1 0 1 0 0 0 1 0 0 1 1 1 0 0 1 1 0 1 1 0 0 0 1
 0 0 0 1 0 0 0 0 1 1 0 0 0 1 1 1 0 0 1 1 1 0 0 0 0 0 0 0 0 1 0 1 0 0 0 1 0
 0 1 1 1 1 1 0 0 0 1 0 0 0 1 0 0 1 0 0 0 0 0 1 1 1 1 0 0 0 0 1 1 0 0 0 1 1
 1 1 0 0 1 0 1 0 0 1 1 0 0 1 0 0 0 1 0 1 0 0 0 1 1 1 0 1 0 1 1 0 0 0 1 1 0
 1 0 0 1 1 0 0 1 0 1 0 0 0 1 0 1 0 0 1 1 1 0 0 0 0 0 1 0 0 1 0 1 1 1 1 0 0
 0 1 0 0 1 1 0 0 0 1 0 1 1 1 0 1 0 0 0 0 1 0 0 0 1 0 1 0 0 1 0 0 1 0 0 1 0
 1 1 1 0 0 1 1 1 0 0 1 0 1 1 1 0 1 0 1 1 0 1 1 0 1 1 1 1 0 1 1 1 0 1 0 0 0
 0 0 0 1 1 0 1 0 0 0 0 0 0 0 0 1 1 1 1 0 1 1 0 0 0 0 0 1 0 0 1 0 0 1 1 1 1
 1 0 1 0 1 1 0 0 0 1 1 0 0 0 1 0 0 0 0 1 0 1 0 1 1 1 0 1 0 0 0 0 1 1 0 1 1
 1 1 1 0 1 0 0 0 1 0 1 0 0 1 0 1 1 1 1 1 1 0 0 0 1 1 0 1 1 0 0 1 0 0 1 1 1
 1 0 1 1 0 0 0 1 1 0 1 1 0 1 0 1 0 1 1 0 1 0 0 0 1 0 0 0 0 0 0 1 0 0 0 0 0
 0 1 0 0 1 0 1 1 1 1 0 1 1 1 0 0 0 1 1 0 0 1 0 0 1 1 1 1 1 0 0 0 1 1 1 0 0
 1 1 0 0 0 1 1 1 0 0 1 1 0 0 0 0 1 1 1 0 0 0 1 0 1 0 1 1 1 0 1 0 0 0 1 0 0
 1 0 0 0 1 1 1 0 1 0 0 1 0 1 0 1 0 0 0 1 0 0 1 1 1 0 1 1 1 0 0 0 0 0 0 0 0
 0 0 0 0 0 1 1 0 1 1 0 1 0 0 1 1 0 1 0 0 0 0 1 0 0 0 0 1 0 0]

Done



----------------- data ready to process -----------------
Accuracy :  100.0 %
--- 9.43117713928 seconds ---
Precision    :  0.554074074074074
Recall       :  0.554074074074074
f1 Socre     :  0.554074074074074
[0 0 0 0 0 1 0 0 1 1 1 1 0 0 0 1 0 0 1 0 0 1 1 0 1 1 1 1 0 1 0 1 0 1 1 1 0
 1 0 0 0 0 0 1 1 1 1 0 1 0 0 0 1 0 1 1 0 0 1 0 1 1 0 1 1 1 0 1 0 1 1 1 0 1
 1 1 1 0 0 0 0 1 1 1 0 1 0 0 0 1 1 0 0 0 1 0 0 1 0 0 1 1 0 1 1 1 1 1 1 1 1
 0 0 1 1 0 0 1 1 1 1 0 1 1 1 0 0 0 0 1 1 1 1 1 1 0 1 1 1 0 0 1 0 1 0 1 0 0
 0 0 1 1 1 0 0 1 1 0 1 1 1 0 1 1 1 0 1 0 0 0 1 0 1 1 0 0 0 1 0 0 0 0 0 0 1
 1 0 0 1 1 1 0 1 0 0 0 0 0 0 0 0 0 0 1 0 0 1 0 1 0 1 0 0 0 0 1 0 0 0 0 0 0
 0 0 0 0 0 0 0 0 0 0 0 1 0 1 1 0 0 1 1 0 1 1 0 1 1 0 0 1 1 1 0 1 1 0 0 1 0
 1 1 0 0 0 0 0 0 1 0 0 1 1 0 1 0 0 0 1 1 0 0 0 1 0 0 1 0 1 0 0 1 0 1 0 1 1
 0 0 1 0 1 1 1 0 1 0 0 1 0 1 0 0 1 0 0 1 1 0 0 1 1 1 0 1 0 0 0 1 0 1 0 0 1
 0 1 0 0 0 0 0 0 0 1 1 0 0 0 0 1 0 1 0 1 1 1 0 1 1 1 0 1 0 1 1 1 0 1 1 0 1
 1 1 0 1 0 0 1 0 1 0 0 0 0 1 1 0 1 0 0 0 1 0 0 1 0 1 0 0 1 1 1 1 0 1 0 0 1
 0 1 0 0 0 0 1 1 1 0 1 0 0 0 0 0 0 0 1 1 0 0 1 1 0 1 0 0 0 1 1 0 1 0 1 1 1
 0 0 1 0 0 0 0 0 0 1 1 0 0 0 1 1 1 1 0 0 0 1 1 0 0 1 0 1 0 1 0 1 0 0 0 0 0
 0 1 1 0 1 0 1 0 0 0 0 1 1 1 1 0 0 0 1 1 1 0 0 1 0 0 1 1 0 1 1 0 0 0 1 0 0
 0 1 0 1 0 1 0 0 1 0 1 0 1 0 0 1 1 0 1 0 1 0 0 0 1 0 0 0 0 1 1 0 1 0 1 1 0
 1 1 0 0 0 0 0 0 1 0 1 1 1 0 0 1 0 0 0 1 0 1 1 0 1 1 0 1 1 0 1 0 1 0 1 0 1
 0 0 0 1 1 1 0 0 0 0 0 1 0 1 1 0 1 0 0 0 0 0 0 1 1 1 0 1 0 0 1 1 0 0 0 1 1
 1 1 1 1 1 0 1 0 0 0 1 0 0 1 0 0 1 1 0 1 0 0 1 0 1 0 0 0 0 1 0 0 0 1 1 1 1
 1 0 1 1 1 0 1 1 0]

Done



----------------- data ready to process -----------------
Accuracy :  100.0 %
--- 8.9518020153 seconds ---
Precision    :  0.5867418899858956
Recall       :  0.5867418899858956
f1 Socre     :  0.5867418899858956
[0 1 0 0 0 0 0 0 1 0 0 0 0 0 1 1 0 1 1 0 1 0 1 1 1 1 0 0 0 0 1 0 0 0 0 0 0
 0 1 0 0 1 0 0 0 0 1 1 0 0 0 1 1 0 0 0 1 0 0 0 1 0 0 0 1 1 0 0 1 0 1 0 0 0
 0 0 1 0 1 0 1 0 0 1 0 0 0 0 0 1 1 0 0 1 1 1 0 0 1 0 0 0 0 1 0 0 0 0 0 0 1
 0 1 1 0 0 1 1 0 1 0 1 0 1 1 0 1 0 0 1 0 1 1 0 1 1 0 0 0 0 0 1 0 0 0 0 1 0
 1 1 1 1 0 1 0 1 1 0 0 1 1 1 1 1 1 0 1 1 1 1 0 1 0 1 1 1 1 0 1 0 0 0 0 1 0
 0 0 1 1 1 0 1 0 0 0 1 0 1 1 1 1 0 0 0 1 1 0 1 1 0 1 0 1 1 1 0 1 1 0 0 1 0
 1 0 0 1 1 0 0 0 1 0 0 0 1 0 0 1 1 0 0 0 0 1 1 0 1 0 1 1 0 1 0 1 1 0 0 1 1
 0 1 0 0 0 0 0 1 1 1 0 1 0 0 0 0 1 0 1 0 1 0 1 1 0 0 1 1 1 1 1 0 0 0 0 0 1
 0 1 0 0 0 0 0 0 0 0 0 0 0 0 1 0 1 1 1 0 0 1 1 0 0 0 0 0 1 0 0 0 0 0 0 1 0
 1 0 0 0 1 0 0 0 0 0 0 0 0 0 1 1 1 0 1 1 0 0 1 1 1 0 0 0 0 1 0 0 1 0 1 0 0
 1 0 0 0 1 0 0 1 0 0 0 1 0 1 0 0 0 0 0 1 0 1 0 0 0 1 0 1 1 1 1 0 1 1 0 0 0
 0 0 1 0 0 0 0 1 0 0 0 1 1 1 0 0 0 1 1 1 0 1 0 0 0 1 1 0 1 1 0 1 0 1 0 1 0
 1 1 1 1 1 1 0 0 0 0 1 0 0 1 0 0 0 0 1 1 0 0 1 1 0 0 1 1 0 0 1 1 0 0 1 0 0
 0 0 0 0 1 1 1 1 1 1 1 0 1 0 0 0 0 0 0 0 0 0 1 1 1 1 1 1 0 1 1 0 0 0 1 1 0
 0 0 0 1 1 0 1 0 0 1 0 1 1 1 0 1 0 0 0 0 1 1 0 1 0 1 0 0 0 0 0 0 1 0 0 1 0
 1 1 0 1 0 1 1 0 0 0 0 0 0 0 1 1 0 1 0 0 0 0 1 1 1 0 1 0 0 1 1 0 0 0 0 0 1
 0 0 0 0 1 1 0 1 0 1 0 0 1 0 1 0 0 0 0 0 0 0 0 0 1 1 0 0 0 1 1 1 0 1 0 0 1
 0 1 0 1 0 1 1 0 0 0 1 0 1 0 1 1 1 1 0 0 1 1 0 0 1 0 0 1 1 1 0 1 1 1 0 0 0
 0 0 1 0 0 1 0 1 0 0 0 1 1 0 1 0 0 1 1 0 1 0 1 0 0 1 0 0 1 0 1 0 0 1 1 1 1
 1 0 1 1 1 1]

Done



----------------- data ready to process -----------------
Accuracy :  99.9963974349737 %
--- 9.14733195305 seconds ---
Precision    :  0.5928853754940712
Recall       :  0.5928853754940712
f1 Socre     :  0.5928853754940712
[0 1 1 0 0 1 1 0 1 1 0 1 0 0 1 0 1 0 0 0 0 0 0 0 0 0 0 0 0 0 0 0 1 1 0 0 1
 1 0 0 1 1 0 0 0 0 1 0 1 0 1 1 0 0 1 1 0 0 1 1 0 0 0 0 1 1 1 1 0 0 1 1 1 0
 0 1 0 1 0 1 0 0 0 0 1 0 0 1 0 1 0 1 0 1 0 0 0 0 1 1 1 0 1 1 0 0 0 0 0 1 0
 0 0 1 0 0 0 1 0 0 0 0 1 0 1 1 1 1 0 0 0 0 1 0 0 0 1 1 1 0 1 1 0 1 1 1 0 0
 1 1 1 0 0 0 0 0 1 1 0 1 1 0 1 0 0 0 0 0 1 0 1 1 1 1 0 0 1 0 1 0 0 1 1 1 0
 0 0 1 1 0 0 1 0 0 0 1 0 0 1 0 1 1 1 0 1 1 0 1 0 1 0 0 0 0 0 1 0 1 0 0 0 1
 0 1 1 0 1 1 0 0 0 1 0 1 1 1 0 0 0 0 0 0 1 1 1 1 0 0 0 1 0 0 0 0 0 1 0 0 0
 0 0 0 0 0 0 0 0 0 0 1 0 0 0 1 0 0 1 1 0 1 1 0 0 0 0 0 1 1 1 1 1 1 1 0 0 1
 1 0 0 1 0 1 0 1 0 1 0 1 1 1 1 0 1 0 0 0 0 0 1 0 1 0 0 0 1 1 1 0 0 0 0 0 1
 1 0 0 1 1 0 0 0 1 0 0 0 1 0 1 1 1 1 0 0 0 0 1 1 0 1 0 1 0 1 0 1 0 0 0 0 1
 0 0 0 0 1 1 0 1 0 0 0 1 1 1 0 1 1 1 0 1 0 0 1 0 1 0 1 1 0 0 0 1 1 0 1 1 1
 0 1 0 1 1 0 1 0 0 1 0 0 0 0 1 1 0 1 0 0 0 0 1 0 0 0 0 0 0 1 0 1 0 0 0 0 1
 0 0 0 0 1 1 1 0 0 0 0 1 0 0 0 0 1 1 0 0 1 0 1 0 0 1 0 0 0 0 0 0 1 0 0 1 0
 0 0 0 1 0 0 1 1 1 0 1 1 0 0 0 1 1 1 1 1 0 0 1 0 1 0 1 0 0 0 0 1 1 0 0 0 0
 0 0 0 1 0 0 1 0 0 0 1 1 1 0 0 0 1 0 1 0 0 0 1 1 0 0 0 1 0 0 0 1 0 1 1 0 1
 0 1 1 0 0 0 0 1 1 0 0 1 0 1 1 0 0 1 0 1 0 1 0 1 1 1 0 0 1 1 1 0 0 0 0 1 0
 0 1 0 0 0 0 0 0 1 0 0 0 0 0 1 0 0 0 1 1 0 0 0 1 0 1 1 1 0 0 1 1 1 1 0 0 0
 1 0 1 1 0 0 1 0 0 1 0 1 1 1 1 0 0 0 0 0 1 1 0 1 1 1 0 1 1 1 1 1 0 0 0 1 0
 0 0 1 1 1 0 1 1 1 1 0 0 0 0 0 0 0 0 1 0 1 1 1 1 1 0 1 0 1 0 0 0 0 0 1 0 1
 1 0 0 0 0 1 1 0 0 1 0 0 1 0 1 0 0 1 0 0 0 0 0 1 0 1 0 1 1 1 0 1 1 1 1 1 1
 0 0 1 0 1 0 0 0 1 0 1 0 0 1 0 0 0 1 1]

Done



----------------- data ready to process -----------------
Accuracy :  100.0 %
--- 8.94047999382 seconds ---
Precision    :  0.5756358768406962
Recall       :  0.5756358768406962
f1 Socre     :  0.5756358768406962
[0 0 1 0 0 0 0 1 0 0 1 1 1 1 1 1 1 1 0 1 1 0 0 0 1 1 0 0 1 0 1 0 1 1 0 0 1
 0 0 0 0 0 1 1 0 0 0 1 1 0 0 0 0 0 1 0 1 0 1 0 1 1 1 1 1 0 1 0 1 1 0 0 1 1
 0 1 0 1 0 0 1 1 0 0 0 0 1 1 1 0 1 1 0 1 1 0 0 0 0 0 0 0 0 1 1 0 0 1 0 0 0
 1 1 1 0 0 1 0 1 0 1 0 0 0 0 0 1 0 0 0 0 0 0 0 0 0 0 0 0 0 1 0 1 1 0 1 1 1
 1 0 0 0 0 1 1 0 0 1 0 0 1 1 1 1 1 0 0 0 1 0 1 1 0 0 1 1 1 0 1 0 0 0 1 0 0
 0 1 0 0 0 1 0 0 0 1 1 1 0 1 0 1 0 1 0 1 1 1 0 0 0 1 0 1 1 0 1 0 0 0 0 0 0
 1 1 0 0 1 0 0 0 0 1 0 0 1 0 1 0 0 1 1 0 0 0 1 0 1 0 0 0 0 1 0 1 1 0 1 1 1
 0 0 1 0 1 1 0 1 0 1 0 0 1 0 0 1 0 0 1 0 1 0 0 1 0 0 0 0 0 0 0 1 0 0 0 0 0
 0 1 0 0 1 1 0 0 0 1 0 1 1 1 1 0 0 0 0 0 1 1 1 1 0 1 1 0 1 1 1 1 1 0 0 0 1
 0 0 1 0 0 0 0 0 0 1 1 0 1 0 0 0 0 0 1 0 0 1 0 1 1 1 0 1 1 1 1 1 1 0 1 1 0
 0 0 0 0 1 0 0 1 1 1 0 0 0 0 0 0 0 0 0 1 0 0 0 0 1 0 0 0 0 0 1 0 0 0 0 0 1
 1 0 1 0 0 0 0 1 0 0 1 1 1 0 0 0 1 1 1 1 1 1 0 1 0 1 1 0 1 0 0 0 1 1 0 1 0
 0 1 0 0 1 1 1 0 0 1 0 1 1 1 0 1 0 1 0 1 1 1 0 1 0 0 0 1 0 1 0 1 0 0 0 0 0
 0 0 0 1 0 1 0 0 1 1 0 1 1 0 0 0 0 0 0 0 1 0 0 1 1 1 0 0 1 1 1 0 0 1 1 0 0
 0 0 0 1 1 0 1 0 1 1 0 0 1 1 0 1 0 0 0 0 1 1 1 1 0 1 1 0 1 1 0 1 1 0 0 1 0
 1 1 1 1 1 1 1 0 0 1 1 0 1 1 0 1 0 1 0 1 0 1 1 0 0 0 0 0 1 0 1 1 0 0 0 1 1
 0 0 0 0 1 0 0 1 0 0 0 1 0 0 1 1 1 0 1 0 0 1 0 1 1 0 0 1 0 0 1 1 1 0 0 1 0
 1 0 0 0 0 0 1 0 0 1 0 1 0 1 0 0 0 0 0 0 1 0 1 0 1 1 0 0 1 0 1 0 0 1 0 1 1
 1 1 0 1 0 0 1 0 0 0 0 1 0 1 1 1 0 0 0 0 1 1 0 0 1 0 1 0 1 1 0 1 1 1 0 0 0
 1 0 1 1 1 1 0 0 1 0 0 1 0 1 0 0 1 0 1 0 1 1 1 1 0 1 0 1 0 1 0 0 0 1 0 0 0
 0 0 0 0 1 0 1]

Done



----------------- data ready to process -----------------
Accuracy :  100.0 %
--- 12.8091459274 seconds ---
Precision    :  0.5511811023622047
Recall       :  0.5511811023622047
f1 Socre     :  0.5511811023622047
[1 1 1 0 1 0 1 1 1 1 1 1 1 1 0 0 1 0 1 1 0 1 1 1 1 1 1 1 0 1 1 0 1 0 0 1 1
 1 1 0 0 0 0 0 0 1 0 1 1 0 1 0 0 0 0 1 0 1 0 1 1 0 0 1 1 0 0 1 0 1 1 0 0 0
 1 1 0 0 0 0 0 1 1 0 0 0 0 1 0 1 0 1 1 0 0 0 1 1 1 1 0 0 0 0 0 0 0 1 1 1 1
 1 0 0 0 0 0 0 1 0 1 0 1 1 0 0 0 1 1 0 1 0 0 1 1 0 1 1 0 1 0 0 1 1 0 1 1 1
 0 0 0 0 1 0 1 0 0 1 0 1 0 0 0 0 1 0 0 0 1 1 0 1 0 0 1 0 0 1 1 1 0 1 0 1 0
 1 0 0 1 1 0 1 0 1 0 1 0 0 0 1 0 1 0 1 1 0 1 0 1 1 1 0 0 1 0 1 0 0 1 0 0 1
 0 0 1 0 0 1 1 1 0 1 0 1 0 0 1 1 1 0 1 0 1 0 1 1 0 0 0 1 1 1 0 1 1 0 1 1 1
 1 1 0 1 0 1 0 1 1 0 0 0 0 1 0 1 1 0 0 1 0 0 1 1 1 0 1 1 0 0 1 1 0 0 0 0 0
 0 0 1 1 0 1 0 0 1 1 0 1 0 0 1 0 1 1 0 1 1 0 0 0 0 1 0 1 0 0 0 1 0 0 0 0 1
 0 1 0 0 0 0 0 1 0 0 0 0 0 0 1 0 0 1 1 1 1 1 1 0 1 1 1 0 0 0 0 1 0 1 1 0 1
 0 0 0 0 0 1 1 1 0 0 0 0 0 0 0 1 0 0 1 0 1 0 0 0 0 1 1 1 0 1 0 1 0 0 0 1 0
 1 1 1 1 0 0 1 0 1 1 1 1 0 0 1 1 1 0 0 0 1 1 0 1 0 0 1 1 0 0 1 1 0 1 1 1 0
 0 0 1 0 1 1 0 0 0 0 1 1 1 1 0 0 1 1 0 1 0 0 1 0 0 0 1 1 1 0 0 0 1 0 1 0 1
 1 0 0 1 0 0 0 1 1 1 0 1 1 0 0 0 1 1 0 0 1 1 0 0 0 1 0 0 1 0 0 1 0 1 1 1 0
 0 0 0 0 1 0 0 0 0 0 1 0 1 0 1 1 1 1 1 0 0 0 0 1 1 0 1 1 1 0 0 1 1 0 1 0 0
 0 0 0 0 0 0 1 0 0 1 0 1 1 1 1 1 1 1 0 0 1 1 0 0 0 1 0 0 1 1 0 1 0 0 0 0 1
 0 0 0 1 0 1 0 0 1 0 0 1 0 1 0 1 1 1 1 0 0 0 0 0 0 0 0 0 1 1 0 0 0 0 1 0 0
 0 0 1 0 1 0]

Done



----------------- data ready to process -----------------
Accuracy :  100.0 %
--- 8.97819399834 seconds ---
Precision    :  0.5730994152046783
Recall       :  0.5730994152046783
f1 Socre     :  0.5730994152046783
[0 1 1 0 1 1 0 0 1 0 1 1 1 1 0 0 1 0 1 1 1 1 1 0 0 0 1 1 0 1 1 0 0 0 1 0 0
 0 0 0 1 0 0 1 0 0 0 0 0 0 1 0 0 0 0 0 0 0 0 0 1 0 0 1 0 0 0 1 1 0 0 1 0 1
 1 0 1 0 0 1 0 0 1 0 0 0 0 0 1 1 0 0 0 0 0 1 1 1 0 0 0 0 1 1 1 1 1 1 0 1 0
 0 1 0 0 0 1 0 0 1 0 0 0 0 0 1 0 0 1 0 1 1 0 0 1 1 1 1 1 1 0 0 0 0 1 0 0 1
 1 0 1 1 0 0 1 0 0 1 1 0 0 0 1 0 0 0 0 1 0 0 1 0 1 1 1 1 0 0 0 1 1 0 0 0 0
 1 0 1 0 0 0 1 1 1 0 0 0 1 0 1 0 1 0 1 1 0 0 1 0 1 0 1 0 0 0 0 1 0 0 0 1 0
 1 1 1 0 1 0 1 0 0 1 0 0 0 0 0 0 1 0 1 0 1 0 0 0 1 0 0 0 1 0 1 0 1 0 0 0 0
 0 1 0 0 1 1 0 1 1 0 1 0 1 0 0 1 0 0 0 1 0 1 0 0 1 1 1 1 1 0 0 1 1 0 0 0 1
 1 1 0 0 0 1 1 0 0 1 0 0 0 0 0 1 0 0 0 0 1 1 0 1 0 0 1 0 1 1 1 0 1 0 1 0 0
 1 0 0 0 1 0 0 1 1 0 1 1 1 0 1 1 1 0 1 1 0 1 0 0 0 1 0 0 0 0 0 1 0 0 0 0 0
 1 0 0 1 1 1 1 0 1 1 1 0 1 1 0 1 1 0 0 1 0 0 0 1 1 0 0 0 1 1 0 1 1 0 0 0 0
 1 0 1 1 0 1 1 0 1 1 1 0 1 1 1 0 0 0 0 1 0 1 1 1 1 1 1 0 0 1 1 0 0 1 1 1 0
 1 0 1 0 1 0 0 0 1 0 1 1 1 1 1 1 0 1 0 0 1 1 0 1 1 0 1 1 1 1 1 0 1 0 0 0 0
 1 0 0 1 0 1 1 1 0 0 1 0 0 0 0 0 0 1 0 0 0 0 0 0 0 0 0 0 1 1 1 1]

Done



----------------- data ready to process -----------------
Accuracy :  100.0 %
--- 11.5820319653 seconds ---
Precision    :  0.5972495088408645
Recall       :  0.5972495088408645
f1 Socre     :  0.5972495088408645
[0 1 0 0 1 0 0 1 0 1 0 0 0 1 1 0 0 1 0 1 0 0 1 1 0 0 0 0 0 0 0 1 1 1 0 1 0
 0 1 0 0 1 0 1 1 1 1 0 0 0 1 0 0 0 0 0 0 0 1 1 0 0 0 0 1 0 1 0 0 0 1 0 1 0
 0 1 0 1 0 0 1 0 0 0 0 0 1 0 0 0 1 1 1 1 0 1 1 1 0 0 1 0 0 0 0 1 0 0 0 0 0
 0 1 1 0 0 1 0 0 0 0 0 0 1 0 0 1 0 0 1 0 1 0 0 0 1 0 0 0 0 0 1 0 0 1 0 0 1
 1 0 0 0 1 0 1 1 1 0 1 0 0 0 1 1 0 1 1 0 1 1 1 1 0 1 1 1 0 1 0 0 1 0 1 1 0
 0 1 1 0 1 0 0 0 1 1 0 1 0 0 1 1 0 0 1 1 0 0 0 0 1 1 0 1 1 0 1 0 1 0 0 1 1
 1 0 0 1 0 1 0 1 1 1 1 1 1 1 1 0 1 0 0 0 1 0 0 1 0 1 1 0 0 0 1 0 1 0 0 0 1
 0 0 1 1 0 0 0 0 0 0 1 1 0 1 1 0 1 0 1 1 1 1 0 0 1 1 1 1 0 0 0 0 1 1 1 1 0
 0 1 0 1 0 0 1 0 1 0 0 0 0 1 1 0 0 1 0 0 1 1 0 0 1 0 0 0 0 0 1 1 1 0 0 0 0
 1 1 0 0 0 0 0 1 1 1 1 0 1 0 1 0 1 0 0 0 1 0 0 1 0 0 0 0 0 0 1 0 1 1 0 0 1
 1 0 0 0 1 0 0 0 0 0 1 0 0 0 0 0 1 0 1 1 0 0 1 0 0 0 0 1 1 1 0 0 0 0 1 1 1
 0 0 0 0 0 0 1 1 0 1 0 1 0 1 1 1 1 1 0 0 0 0 0 0 0 1 1 0 0 0 1 0 0 0 0 0 1
 0 1 0 0 0 1 1 0 0 1 0 0 1 0 1 1 1 1 0 0 0 0 1 1 1 1 1 1 1 0 0 0 1 0 1 1 1
 0 1 0 1 0 0 0 0 0 1 0 0 0 0 1 0 0 1 0 0 0 1 0 0 1 0 0 0]

Done



----------------- data ready to process -----------------
Accuracy :  100.0 %
--- 8.84853601456 seconds ---
Precision    :  0.5916230366492147
Recall       :  0.5916230366492147
f1 Socre     :  0.5916230366492147
[0 1 1 1 1 0 0 0 0 0 0 0 0 0 1 0 1 0 0 0 1 1 1 1 1 1 0 0 1 1 1 1 0 1 0 1 0
 1 0 0 0 0 1 1 0 1 0 0 0 0 0 0 0 0 1 1 1 1 1 1 1 1 1 1 1 0 1 0 1 1 1 0 0 1
 0 1 0 0 1 0 1 0 0 0 0 0 1 0 1 0 0 0 1 1 0 1 0 1 1 1 1 0 1 0 0 1 0 0 1 0 0
 1 0 0 0 0 1 1 0 0 1 1 1 0 0 0 0 1 1 1 0 1 1 0 0 0 0 0 0 0 1 1 0 1 0 0 1 0
 0 0 0 1 0 1 0 0 0 0 1 1 1 0 1 0 0 0 1 0 0 1 1 1 0 1 1 1 1 0 0 0 1 0 0 0 0
 1 1 1 0 0 1 1 0 1 0 0 0 0 1 1 0 0 1 1 1 0 1 0 0 1 0 1 1 0 1 0 1 1 1 0 0 1
 1 1 1 0 1 0 0 0 1 0 0 1 1 0 1 1 0 0 0 0 1 0 0 0 0 0 0 0 0 1 0 1 0 0 0 1 0
 0 0 1 0 0 0 0 0 0 0 0 0 1 0 1 1 1 0 0 1 0 0 1 1 0 0 1 1 0 0 1 0 1 1 0 0 0
 0 0 0 0 0 0 0 0 0 1 1 0 0 0 0 0 0 0 0 0 0 1 1 1 0 0 1 1 1 1 1 0 1 0 0 1 0
 0 0 0 1 0 0 1 0 1 0 1 0 0 1 1 1 0 0 0 0 0 1 1 0 0 0 1 0 0 0 0 0 1 0 1 0 1
 0 1 1 0 1 0 1 0 1 0 0 1]

Done



----------------- data ready to process -----------------
Accuracy :  99.99264218968436 %
--- 9.20174098015 seconds ---
Precision    :  0.6120218579234973
Recall       :  0.6120218579234973
f1 Socre     :  0.6120218579234973
[1 0 1 0 0 0 1 0 0 1 1 1 1 0 1 0 0 1 0 1 1 0 1 0 1 1 0 0 0 1 0 1 1 0 0 1 0
 0 0 0 1 1 0 0 0 0 0 0 0 1 1 1 1 1 0 0 0 0 0 1 0 1 0 0 1 0 1 1 0 0 1 0 0 0
 0 1 0 0 0 1 0 1 0 0 0 1 1 1 0 0 1 0 1 0 0 1 0 0 0 1 0 1 0 0 0 0 0 1 0 0 0
 1 0 0 0 0 1 1 0 1 1 0 1 1 0 0 0 1 0 1 1 1 0 1 1 0 1 1 0 0 0 1 1 0 1 1 1 0
 1 1 0 0 1 0 0 1 0 0 0 0 0 0 1 1 0 0 1 0 0 1 1 0 0 0 0 0 0 0 0 0 1 0 0]

Done



----------------- data ready to process -----------------
Accuracy :  100.0 %
--- 8.93729496002 seconds ---
Precision    :  0.610648918469218
Recall       :  0.610648918469218
f1 Socre     :  0.610648918469218
[1 0 0 1 0 0 0 0 0 1 0 0 1 0 1 0 0 0 1 1 0 1 0 0 1 0 0 1 0 1 1 0 0 1 0 0 0
 0 1 0 0 1 0 1 1 0 0 1 0 1 0 0 0 1 0 0 1 0 0 1 1 1 0 1 0 1 1 0 0 1 1 0 1 1
 0 0 0 0 1 1 0 1 0 0 0 1 1 0 0 0 1 0 0 0 0 0 1 0 1 0 0 1 1 0 1 0 1 0 0 1 1
 0 0 1 0 0 0 1 1 0 0 0 1 1 0 1 0 1 1 0 1 1 1 0 0 0 0 1 1 0 1 0 1 1 1 0 0 0
 0 1 0 0 1 0 0 0 0 1 1 0 1 0 0 0 1 0 1 1 1 1 0 1 1 0 1 0 1 0 0 1 0 0 0 1 0
 1 0 1 1 1 0 0 1 0 1 1 0 0 1 1 0 1 0 0 1 0 0 1 1 0 0 0 1 0 0 0 0 0 0 0 0 0
 1 1 0 0 0 1 1 1 0 0 0 0 0 0 0 0 1 1 0 0 1 1 0 1 1 0 0 0 0 0 0 0 0 1 0 0 1
 0 1 1 1 1 0 1 0 0 0 0 0 1 0 1 1 0 1 0 1 1 1 0 0 1 1 0 1 0 1 1 1 0 1 0 0 1
 0 1 1 1 0 0 1 0 1 0 0 1 0 0 1 1 1 0 1 0 0 0 1 0 0 0 0 0 0 1 1 1 1 0 0 0 0
 1 0 0 1 0 0 1 0 1 0 0 1 0 1 0 0 0 0 0 1 0 1 0 1 1 0 1 1 0 1 1 1 0 1 0 1 1
 1 1 1 1 0 0 0 0 0 1 1 0 0 0 1 0 0 0 1 0 1 1 0 0 1 0 0 0 1 0 0 0 0 0 0 0 0
 0 0 0 1 1 0 1 1 0 0 1 0 0 0 1 1 1 0 1 0 0 0 0 1 0 1 0 0 0 0 1 1 1 1 0 1 1
 0 0 1 0 0 0 1 0 0 0 1 0 0 0 0 1 0 1 1 0 0 1 0 1 1 0 1 1 1 1 1 0 0 0 1 0 0
 0 1 0 0 0 0 0 0 1 0 1 0 0 0 0 0 1 1 0 0 1 1 0 1 0 1 0 0 0 0 0 0 0 0 0 0 1
 0 0 0 0 0 0 0 0 0 1 0 1 0 1 0 0 0 0 0 1 0 1 0 0 1 1 0 0 0 1 0 1 1 0 1 0 0
 1 1 0 1 1 1 1 0 0 0 0 1 1 0 0 0 0 0 1 0 1 1 0 0 0 1 0 0 0 0 1 0 0 0 0 0 1
 1 0 0 0 1 0 0 1 0]

Done



----------------- data ready to process -----------------
Accuracy :  100.0 %
--- 8.90866398811 seconds ---
Precision    :  0.5432098765432098
Recall       :  0.5432098765432098
f1 Socre     :  0.5432098765432098
[1 0 1 0 1 1 1 0 0 1 1 0 0 1 1 0 0 0 1 1 1 1 1 1 0 0 1 1 0 1 0 1 1 0 0 0 1
 0 0 0 1 0 0 0 0 1 0 0 0 1 1 0 1 0 1 1 1 1 1 1 1 1 0 1 1 1 1 1 0 0 1 0 1 0
 0 1 1 1 1 0 0 0 1 1 1 1 0 1 1 0 1 1 0 0 0 0 0 1 0 1 1 0 0 1 0 1 0 0 1 0 1
 1 1 1 0 0 1 0 1 0 1 0 0 1 1 1 1 0 0 1 0 0 0 1 0 0 0 1 0 1 1 0 0 0 0 1 0 0
 0 1 1 1 0 0 1 0 1 1 0 1 0 0 1 0 0 0 0 0 0 1 1 0 0 1 0 0 1 1 0 1 0 0 1 0 0
 0 0 0 0 1 0 0 1 1 1 1 1 0 1 1 0 0 1 0 1 0 0 0 0 0 0 1 1 1 0 0 1 0 0 1 1 0
 1 0 0 1 0 0 0 1 0 0 0 0 1 0 0 0 1 0 0 1 0 1 1 1 1 1 1 1 1 1 1 0 0 0 1 1 0
 0 1 1 1 0 1 1 1 0 1 0 0 1 1 1 0 0 0 0 1 1 1 0 1 0 0 1 0 0 0 0 1 0 0 0 1 1
 0 1 0 1 0 1 0 1 0 1 0 0 0 0 0 0 0 0 0 1 1 0 1 0 0 0 1 0]

Done



----------------- data ready to process -----------------
Accuracy :  100.0 %
--- 8.97337293625 seconds ---
Precision    :  0.5876923076923077
Recall       :  0.5876923076923077
f1 Socre     :  0.5876923076923077
[0 1 1 0 0 0 1 1 1 0 1 1 1 0 0 0 0 1 0 0 0 0 0 1 1 0 1 1 0 0 0 0 0 1 0 0 0
 0 0 0 0 0 1 1 1 0 1 0 0 0 1 0 1 0 0 0 1 0 0 0 0 1 0 1 0 0 1 0 1 1 1 0 0 1
 0 0 0 1 1 0 0 0 1 1 1 1 0 1 0 0 1 1 1 0 0 0 0 1 0 1 1 1 1 0 1 0 1 1 0 0 1
 1 1 1 0 0 0 0 0 0 1 0 1 1 1 1 1 0 0 0 1 1 0 0 1 0 1 1 0 0 0 1 1 0 1 0 0 0
 0 1 0 1 0 1 1 0 1 0 0 0 0 0 0 1 1 0 1 0 0 0 1 1 0 0 0 1 1 0 0 1 0 0 0 0 0
 0 1 0 1 0 0 1 0 0 0 0 1 1 0 0 1 0 1 1 1 0 1 0 0 0 0 1 0 0 1 0 0 1 0 1 1 0
 0 1 0 1 0 0 1 1 1 0 0 1 1 0 0 1 0 0 1 0 0 0 0 0 0 0 1 0 0 0 0 1 0 0 0 0 0
 1 0 0 0 1 0 1 0 0 1 1 0 1 1 0 0 1 1 1 1 0 1 0 1 0 0 1 1 1 1 1 0 0 1 0 0 1
 0 0 1 1 1 0 0 0 0 0 1 0 0 0 0 1 0 1 0 0 1 0 0 1 0 0 1 1 0 0 0 0 1 1 0 0 0
 1 0 0 0 0 0 1 0 1 1 1 0 0 0 0 0 0 1 1 0 0 0 0 1 0 0 1 1 1 0 0 1 1 0 0 1 1
 0 1 1 1 1 0 0 0 1 0 1 1 0 0 0 1 0 1 1 0 1 1 1 0 1 0 0 0 1 0 1 0 0 0 1 1 1
 0 0 0 1 1 0 0 1 0 0 1 1 1 0 0 0 1 0 1 1 0 0 0 0 1 0 0 0 1 0 0 0 1 1 1 1 0
 1 0 0 0 0 1 0 0 0 1 0 1 1 1 0 0 1 1 0 1 0 0 0 0 1 1 0 0 0 0 1 0 0 0 0 1 1
 1 0 1 1 1 0 0 1 0 1 1 0 0 0 1 0 1 0 0 1 0 1 0 0 1 0 0 1 0 0 1 1 0 0 1 0 1
 0 1 0 1 1 0 1 1 0 1 0 1 1 0 0 0 0 0 1 1 0 0 0 0 1 1 1 0 0 1 0 0 1 0 1 0 1
 1 1 0 0 0 1 0 1 1 1 1 0 1 0 0 0 0 0 1 0 1 1 1 1 0 0 0 1 1 1 0 1 1 0 1 1 0
 0 1 1 0 1 0 0 0 1 0 0 1 0 1 0 0 0 1 1 0 0 0 1 0 0 0 0 0 0 1 0 1 0 1 1 1 1
 0 1 0 1 0 1 0 1 0 1 0 0 0 0 1 0 0 0 0 0 1]

Done



----------------- data ready to process -----------------
Accuracy :  100.0 %
--- 8.83215594292 seconds ---
Precision    :  0.5487465181058496
Recall       :  0.5487465181058496
f1 Socre     :  0.5487465181058496
[0 1 1 0 1 1 0 1 1 0 0 1 1 0 0 0 0 0 1 1 1 0 0 0 0 1 0 0 0 0 1 1 1 1 0 1 0
 1 1 1 1 1 0 0 0 0 1 0 0 1 0 0 0 1 0 0 0 0 1 1 1 0 0 1 1 0 1 0 0 0 0 1 0 0
 0 1 0 1 1 1 0 0 1 0 0 0 1 0 0 1 0 0 1 0 0 0 1 0 1 1 1 0 1 0 1 0 0 0 0 1 0
 0 1 0 1 1 0 1 1 1 1 0 1 1 0 1 0 0 1 1 0 1 0 1 0 1 0 0 1 1 0 1 1 0 1 1 0 0
 0 0 0 1 1 0 1 1 0 0 1 0 1 1 0 0 1 0 1 1 0 1 0 0 1 0 0 0 1 0 0 0 0 0 0 0 1
 1 1 0 1 1 0 1 0 0 0 0 1 0 0 0 1 0 0 0 0 1 1 0 0 1 0 0 1 0 0 0 1 0 0 1 0 1
 0 1 1 1 0 1 1 0 1 0 1 1 0 1 0 1 1 0 1 0 1 0 1 0 0 1 1 1 1 0 0 0 1 0 0 1 1
 1 1 0 1 0 1 1 0 0 0 0 0 0 1 0 1 1 1 1 0 1 0 0 0 1 0 1 0 1 1 1 0 1 1 0 0 0
 0 0 0 1 0 1 0 0 1 1 0 0 1 1 1 0 0 1 0 1 0 0 1 1 1 1 0 1 1 1 0 1 0 1 1 0 0
 0 0 1 0 0 1 0 0 1 0 0 0 1 1 0 0 1 1 1 1 1 0 0 0 0 1]

Done



----------------- data ready to process -----------------
Accuracy :  100.0 %
--- 9.47865891457 seconds ---
Precision    :  0.6066433566433567
Recall       :  0.6066433566433567
f1 Socre     :  0.6066433566433567
[1 0 0 0 0 0 0 1 0 0 0 1 1 0 1 0 0 1 0 1 1 0 0 0 1 0 0 1 0 1 0 0 0 1 1 1 0
 0 1 1 1 1 0 0 0 0 0 0 0 0 0 0 0 0 0 1 1 1 0 0 1 0 0 1 0 0 0 0 1 0 1 0 1 1
 1 1 0 0 0 0 1 1 1 1 0 0 0 1 1 0 0 1 0 1 0 0 1 0 0 1 1 0 0 0 0 1 1 0 1 0 0
 0 0 1 0 0 0 0 1 1 0 1 1 0 0 0 1 0 1 0 0 0 0 1 0 0 1 0 1 1 0 0 0 1 1 0 0 1
 0 0 1 0 1 0 1 0 0 1 0 0 0 0 1 0 0 0 0 1 1 0 0 1 1 0 1 1 0 1 0 0 0 1 0 1 1
 0 0 0 0 1 0 1 0 1 0 1 0 0 0 1 0 1 0 0 0 0 0 1 0 0 0 1 1 1 0 0 0 1 0 1 0 0
 1 1 1 0 1 0 1 1 0 0 1 0 1 1 1 1 1 0 0 1 1 1 0 0 0 1 0 1 0 1 0 0 0 0 0 1 0
 0 1 1 1 0 1 0 0 0 0 1 0 0 1 0 1 1 0 0 1 1 0 1 0 1 1 0 1 0 1 1 0 0 0 1 0 0
 1 1 0 0 1 0 1 0 0 1 0 0 0 1 0 1 0 1 0 0 0 1 1 1 0 0 1 0 1 1 1 0 1 0 0 0 1
 1 0 1 0 1 1 1 1 1 0 0 0 0 0 0 0 1 0 1 1 1 1 1 0 0 1 0 1 1 0 1 0 0 0 0 0 0
 0 1 0 0 0 0 0 1 0 0 1 1 0 0 0 0 0 1 0 0 1 1 0 1 1 1 1 0 0 1 1 0 0 1 1 0 0
 1 0 0 1 0 0 0 1 0 1 1 0 1 0 1 1 0 0 0 0 0 0 0 0 0 0 0 0 0 1 0 0 0 1 0 1 0
 1 1 0 0 1 1 0 0 1 0 0 0 0 0 1 0 1 0 1 0 1 0 0 1 0 0 1 0 1 0 1 0 1 0 0 1 0
 1 1 0 1 1 0 0 0 1 1 1 1 0 1 0 0 0 0 1 1 0 0 0 0 1 1 0 0 0 1 0 0 1 0 0 0 1
 1 0 0 0 0 1 1 1 1 0 1 0 0 0 0 1 0 0 0 1 0 0 0 0 1 1 1 0 0 0 0 1 0 0 0 1 0
 1 0 1 1 0 0 0 0 0 1 0 0 1 0 1 0 1]

Done



----------------- data ready to process -----------------
Accuracy :  99.99277378328576 %
--- 8.72578001022 seconds ---
Precision    :  0.5855457227138643
Recall       :  0.5855457227138643
f1 Socre     :  0.5855457227138643
[0 0 0 0 0 0 0 0 0 0 0 0 0 0 1 1 1 1 0 1 0 1 0 0 1 0 1 1 1 0 1 0 0 0 0 1 0
 1 0 0 0 0 0 1 0 0 1 0 0 0 0 0 0 0 0 0 1 0 0 0 1 0 0 1 1 1 1 0 0 0 0 0 0 1
 0 0 0 1 0 1 0 1 0 1 0 0 1 1 0 0 1 1 0 0 0 1 0 1 1 0 1 0 0 1 0 0 1 0 0 0 0
 1 1 0 1 0 0 1 0 1 1 0 1 0 0 0 1 1 1 1 0 0 1 0 1 0 0 1 0 1 0 1 0 1 1 0 0 1
 0 0 0 0 0 1 0 0 0 1 0 0 0 0 0 1 1 0 0 0 0 0 0 1 1 1 0 1 1 1 0 1 0 0 0 1 0
 0 0 0 1 0 0 0 0 0 1 1 1 0 1 0 1 0 0 1 1 1 1 0 1 0 0 1 0 1 0 1 0 1 0 1 0 0
 0 1 1 1 0 1 1 1 1 0 1 1 0 1 0 1 1 1 1 1 1 1 0 0 0 0 1 0 1 0 0 0 1 1 0 1 0
 1 1 0 0 1 1 0 0 0 1 1 0 1 0 0 0 0 1 1 0 0 1 1 1 0 0 0 1 1 1 1 0 1 0 1 1 1
 0 1 0 0 0 0 0 1 1 1 0 1 1 0 0 0 0 0 1 0 1 1 1 0 1 1 1 0 0 0 0 1 0 0 0 0 0
 0 0 0 1 1 0 1 0 1 0 0 1 0 1 0 0 0 1 0 1 1 0 1 0 1 0 1 1 1 0 1 0 1 1 1 0 0
 1 0 0 0 1 0 0 0 0 1 0 1 1 0 0 1 1 1 0 0 0 1 1 1 1 0 1 0 0 0 0 1 0 1 0 0 1
 0 1 0 1 1 0 0 1 1 1 1 0 1 0 0 1 0 1 0 1 1 1 1 1 1 0 0 0 0 1 1 1 0 0 0 0 1
 1 0 1 0 1 0 0 1 1 1 1 1 0 0 1 0 0 1 0 1 0 0 0 1 1 1 0 1 1 0 0 0 1 0 1 0 0
 0 0 1 1 1 1 0 0 0 1 1 1 0 1 0 0 1 0 0 1 1 0 1 0 1 1 1 0 1 0 0 1 0 1 1 1 0
 0 1 0 1 0 1 0 0 1 0 0 0 0 1 1 0 1 0 0 0 0 0 0 1 0 0 0 0 0 0 1 1 0 1 0 1 0
 1 0 0 1 0 0 1 0 1 0 0 0 0 1 0 0 0 0 0 0 0 0 0 0 0 0 0 0 1 0 0 0 0 0 0 1 0
 0 1 0 1 1 0 1 0 0 0 1 0 1 1 1 0 0 0 0 1 0 0 0 1 1 1 0 0 0 0 0 0 0 0 0 1 1
 0 1 0 1 1 0 0 0 0 1 0 0 1 1 1 1 0 0 0 1 1 1 1 1 1 0 1 0 1 1 1 0 0 1 1 1 0
 0 0 0 0 1 1 0 0 1 0 0 0]

Done



----------------- data ready to process -----------------
Accuracy :  100.0 %
--- 8.3217010498 seconds ---
Precision    :  1.0
Recall       :  1.0
f1 Socre     :  1.0
[1 1 1 1 1 1 1 1]

Done



----------------- data ready to process -----------------
Accuracy :  100.0 %
--- 10.5728080273 seconds ---
Precision    :  1.0
Recall       :  1.0
f1 Socre     :  1.0
[1 1 1 1 1 1 1]

Done



----------------- data ready to process -----------------
Accuracy :  100.0 %
--- 7.96376085281 seconds ---
Precision    :  1.0
Recall       :  1.0
f1 Socre     :  1.0
[1 1 1 1 1]

Done



----------------- data ready to process -----------------
Accuracy :  100.0 %
--- 8.25614881516 seconds ---
Precision    :  1.0
Recall       :  1.0
f1 Socre     :  1.0
[1 1 1 1 1 1 1]

Done


