Please Wait .....
time 10 second pass = 1585898423410 , and time now = 1585898433410

----------------- data ready to process -----------------
Accuracy :  100.0 %
--- 7.84997797012 seconds ---
Precision    :  1.0
Recall       :  1.0
f1 Socre     :  1.0
[1 1 1 1 1 1 1 1]

Done


time 10 second pass = 1585898443417 , and time now = 1585898453417

----------------- data ready to process -----------------
Accuracy :  100.0 %
--- 8.86149978638 seconds ---
Precision    :  1.0
Recall       :  1.0
f1 Socre     :  1.0
[1 1 1 1 1 1 1 1 1]

Done


time 10 second pass = 1585898463417 , and time now = 1585898473417

----------------- data ready to process -----------------
Accuracy :  100.0 %
--- 7.89012098312 seconds ---
Precision    :  1.0
Recall       :  1.0
f1 Socre     :  1.0
[1 1 1 1 1 1 1 1]

Done


time 10 second pass = 1585898483417 , and time now = 1585898493417

----------------- data ready to process -----------------
Accuracy :  100.0 %
--- 12.0475618839 seconds ---
Precision    :  1.0
Recall       :  1.0
f1 Socre     :  1.0
[1 1 1 1 1 1 1 1 1 1]

Done


time 10 second pass = 1585898503413 , and time now = 1585898513413

----------------- data ready to process -----------------
Accuracy :  100.0 %
--- 12.4730660915 seconds ---
Precision    :  0.5816326530612245
Recall       :  0.5816326530612245
f1 Socre     :  0.5816326530612245
[1 1 1 1 0 0 0 1 0 1 0 1 1 0 0 0 1 0 0 0 0 1 1 0 1 0 0 1 1 1 0 0 1 1 1 0 1
 1 1 0 0 0 0 0 0 0 1 1 1 1 1 0 0 0 1 0 1 0 1 0 1 0 1 0 0 0 0 1 0 1 0 0 1 1
 0 0 0 0 1 1 0 0 0 0 0 1 1 0 1 0 1 0 0 0 0 0 0 0 1 0 0 0 1 0 0 0 0 0 1 0 0
 0 1 0 0 1 0 1 0 0 1 0 0 0 1 0 1 1 0 0 0 1 0 1 0 0 1 0 0 1 0 0 1 1 1 1 0 1
 1 0 1 0 0 0 0 1 1 1 1 0 1 1 1 1 1 1 0 0 0 1 1 0 0 1 1 1 1 0 0 0 1 0 0 0 0
 1 0 1 0 0 0 0 0 1 0 0 1 1 1 1 0 1 1 0 0 1 0 0 1 1 0 0 1 0 1 0 0 1 1 1 0 1
 1 0 1 1 0 0 1 0 0 0 1 0 0 0 0 1 1 1 1 0 1 1 0 0 1 0 0 0 0 1 0 1 1 1 1 0 0
 0 0 0 0 0 0 0 1 1 1 0 0 0 1 1 1 1 1 1 0 1 0 1 1 0 0 0 0 0 1 0 1 0 0 0 1 1
 1 0 1 0 0 0 1 0 1 1 0 1 0 1 1 0 1 0 1 0 0 0 0 0 0 0 0 0 0 0 1 0 1 0 0 1 1
 0 0 1 0 0 1 0 0 1 0 0 1 0 1 1 0 0 0 1 1 1 1 0 0 0 0 0 0 0 1 0 1 0 0 1 1 1
 0 0 0 1 0 0 0 0 0 0 1 0 1 0 0 0 1 0 0 0 1 0]

Done


time 10 second pass = 1585898523413 , and time now = 1585898533413

----------------- data ready to process -----------------
Accuracy :  99.99635634906176 %
--- 9.08256912231 seconds ---
Precision    :  0.5919282511210763
Recall       :  0.5919282511210763
f1 Socre     :  0.5919282511210763
[1 1 0 0 1 0 1 0 0 0 1 1 0 0 0 0 0 0 0 0 0 0 0 0 1 0 1 1 0 1 0 1 0 0 1 1 1
 1 1 1 0 1 0 0 1 0 1 1 0 0 1 0 0 1 1 1 1 1 0 1 1 1 1 0 1 0 0 1 0 0 0 1 0 1
 0 0 0 1 0 0 0 1 1 1 1 1 0 1 0 0 0 0 1 0 0 0 0 1 1 1 1 0 1 0 1 0 0 1 1 0 0
 0 1 1 1 0 1 1 1 1 0 0 0 0 1 0 0 0 1 1 0 0 0 0 1 1 0 0 0 0 0 0 0 0 0 0 0 1
 0 0 0 1 0 1 1 0 0 0 1 1 1 1 1 0 0 0 1 0 0 0 1 1 0 0 1 0 1 1 0 0 1 1 1 1 1
 1 0 0 1 0 0 0 1 1 0 0 1 0 0 0 1 0 0 0 0 1 0 0 0 0 0 0 0 1 0 1 1 0 1 1 0 1
 0 0 0 1 0 0 0 0 1 0 0 0 1 0 1 1 0 0 0 0 1 0 0 1 1 0 1 0 0 0 1 0 0 1 0 0 1
 1 0 0 0 0 1 0 0 1 0 1 1 0 0 1 1 0 1 0 1 1 0 0 0 1 1 0 1 1 1 1 1 0 0 0 1 1
 0 0 0 0 0 0 1 0 1 0 1 0 1 0 0 0 0 1 0 1 0 0 1 0 1 1 0 0 1 0 1 1 1 1 1 0 0
 0 1 0 1 0 0 0 1 1 0 1 0 0 1 1 0 0 1 1 0 0 0 0 0 0 0 0 0 0 0 1 0 0 0 1 0 1
 0 0 0 0 0 0 0 0 0 0 1 0 0 0 0 1 0 0 1 0 0 1 1 1 0 1 1 1 0 1 0 1 0 1 0 0 1
 0 1 1 0 1 1 0 0 1 0 1 0 0 0 0 0 0 1 0 1 0 0 0 0 0 0 1 1 0 1 1 1 0 0 1 0 0
 1 1]

Done


time 10 second pass = 1585898543417 , and time now = 1585898553417

----------------- data ready to process -----------------
Accuracy :  100.0 %
--- 9.37869405746 seconds ---
Precision    :  0.515970515970516
Recall       :  0.515970515970516
f1 Socre     :  0.515970515970516
[1 1 1 0 1 0 1 1 0 0 0 1 1 1 0 0 1 0 1 1 0 1 1 0 0 0 1 0 1 0 1 1 0 0 0 0 1
 0 0 1 1 1 0 1 0 0 0 1 0 0 0 0 1 0 0 0 0 1 1 0 1 1 1 0 0 1 0 0 0 1 1 0 0 1
 1 0 1 0 0 0 0 0 1 0 0 0 1 1 1 0 1 1 1 0 0 0 1 0 0 0 1 1 0 1 1 1 0 0 0 1 1
 1 1 1 1 1 0 0 1 0 0 1 1 1 1 1 0 1 0 0 0 0 0 0 1 0 0 0 0 1 1 0 0 0 0 1 1 0
 1 0 1 0 1 1 1 1 1 0 0 0 1 0 1 0 0 1 0 0 0 0 1 0 1 1 0 0 1 1 0 1 0 0 1 1 0
 1 1 0 1 1 0 1 1 1 0 0 1 1 0 1 0 1 1 0 0 1 0 1 0 0 0 1 0 0 1 1 0 1 0 0 1 0
 0 0 0 1 1 0 0 0 0 0 1 1 1 1 0 1 1 0 0 1 0 0 0 1 1 0 0 1 1 1 0 0 1 0 1 0 1
 0 1 0 0 1 1 1 0 1 1 1 0 1 0 0 1 1 1 0 1 1 1 0 1 0 0 1 0 1 0 1 0 0 0 1 0 0
 0 1 1 1 1 1 1 1 1 0 0 1 1 0 1 0 1 1 0 1 0 0 1 1 1 1 1 0 1 0 1 0 0 1 1 0 1
 0 1 0 1 0 0 0 1 1 0 0 1 1 1 0 0 0 1 1 1 0 0 0 0 0 1 0 0 1 0 1 1 0 1 0 0 1
 1 0 0 1 0 0 1 0 0 1 0 0 0 0 1 0 0 0 0 1 1 1 1 1 1 0 0 1 1 1 1 0 0 0 0 0 1]

Done


time 10 second pass = 1585898563417 , and time now = 1585898573417

----------------- data ready to process -----------------
Accuracy :  100.0 %
--- 10.2000038624 seconds ---
Precision    :  0.5698630136986301
Recall       :  0.5698630136986301
f1 Socre     :  0.5698630136986301
[0 1 0 1 0 0 0 0 0 1 1 0 1 1 1 1 0 0 0 1 1 0 1 1 0 0 1 1 1 1 1 0 0 1 1 0 1
 0 1 1 0 1 0 1 0 0 0 0 0 0 0 0 0 0 1 0 0 1 0 1 1 0 1 0 0 0 1 0 0 1 0 1 0 0
 0 1 0 0 1 1 1 1 1 1 1 0 1 0 0 0 0 1 0 1 0 0 1 0 0 0 0 0 1 0 1 0 1 0 0 1 0
 0 0 1 0 0 1 1 0 1 0 0 0 1 1 0 1 0 0 0 1 1 0 1 0 1 0 1 1 0 0 0 0 0 1 0 0 1
 1 1 0 1 1 0 1 0 1 1 1 0 1 0 0 0 1 0 1 0 1 1 1 0 1 0 0 1 0 1 1 0 1 0 0 1 0
 1 0 1 1 0 0 0 0 1 1 1 1 0 1 0 0 1 0 1 1 1 1 0 1 0 0 1 0 0 0 1 0 1 0 1 0 0
 0 1 1 0 1 0 1 0 0 0 1 0 1 1 1 1 0 0 1 0 1 0 0 1 0 0 1 0 0 0 1 0 0 1 1 0 0
 0 0 0 0 1 0 0 0 1 0 1 1 0 1 0 1 0 0 1 0 0 0 0 1 1 0 0 1 1 0 1 0 0 0 0 1 0
 0 0 1 1 0 0 0 1 0 1 1 0 1 0 1 1 1 0 1 0 0 1 0 0 0 0 0 1 1 0 0 1 1 0 0 0 0
 1 0 1 0 0 1 0 1 1 0 1 0 0 1 1 1 0 0 0 0 1 0 1 0 0 0 0 0 1 0 0 0]

Done


time 10 second pass = 1585898583413 , and time now = 1585898593413

----------------- data ready to process -----------------
Accuracy :  100.0 %
--- 9.07130694389 seconds ---
Precision    :  0.5470494417862839
Recall       :  0.5470494417862839
f1 Socre     :  0.5470494417862839
[0 0 1 1 1 1 1 0 0 0 0 1 0 0 0 1 0 0 0 1 0 1 1 1 0 0 0 1 1 0 0 1 0 0 1 1 1
 1 1 1 0 0 1 1 1 0 0 0 1 1 1 1 1 1 1 0 0 1 1 1 0 0 0 0 1 0 1 1 1 1 1 1 1 0
 0 0 1 0 0 1 1 0 0 1 0 0 0 1 0 0 1 0 0 1 1 0 0 1 1 1 1 1 0 0 0 0 0 0 1 1 0
 0 1 1 0 0 0 0 1 1 0 1 0 1 0 0 0 0 1 0 0 1 0 1 1 0 1 0 0 1 1 0 0 0 1 1 0 0
 0 0 1 0 1 1 0 0 1 0 1 0 0 0 1 0 0 0 0 1 0 1 0 1 0 0 1 0 1 0 1 0 0 1 0 0 0
 0 0 0 0 0 1 0 1 0 1 0 1 0 0 1 1 0 1 0 1 0 1 0 0 1 1 0 1 0 1 1 1 1 0 0 1 0
 0 0 0 0 1 1 0 1 1 1 0 0 0 0 1 0 1 0 1 1 0 1 1 1 0 0 0 0 0 0 0 0 1 0 0 0 0
 1 0 0 0 0 0 0 0 1 1 1 1 0 0 1 1 0 1 0 1 0 1 0 0 0 0 0 1 0 0 0 1 1 0 0 0 0
 1 0 0 0 1 0 0 0 1 1 0 1 1 0 1 0 0 0 0 0 1 1 0 0 0 1 1 1 1 1 0 1 1 0 1 0 0
 0 0 0 0 1 0 0 1 1 1 1 0 1 1 1 1 1 0 0 0 0 0 0 0 0 1 0 0 0 1 0 0 0 0 1 0 1
 0 0 0 0 0 0 0 0 0 1 0 0 1 1 1 1 0 0 0 1 0 1 0 0 1 1 1 0 0 1 0 0 0 1 1 1 1
 0 1 1 0 0 0 0 1 0 1 0 1 1 1 1 0 0 1 1 1 1 1 0 0 1 1 1 0 1 1 1 1 1 0 0 1 0
 1 1 1 1 1 1 0 1 1 1 1 0 0 1 1 1 1 0 0 0 0 1 1 0 0 1 1 1 0 0 0 1 1 0 1 1 1
 1 0 0 0 1 0 1 1 1 0 0 1 0 1 0 0 0 0 1 0 0 1 1 0 0 0 0 1 0 0 1 1 0 1 0 0 0
 0 0 0 1 1 1 0 1 0 1 0 0 0 0 0 1 1 0 1 0 1 0 0 0 0 0 1 0 0 1 0 1 0 1 1 1 0
 0 1 1 0 0 1 1 1 1 1 1 1 1 1 1 1 0 0 0 0 1 1 0 0 1 0 1 0 0 0 1 1 0 0 0 1 0
 0 0 1 1 0 1 1 1 1 0 0 1 0 0 1 0 1 0 1 0 1 1 0 1 0 1 0 1 0 0 0 0 1 0 0]

Done


time 10 second pass = 1585898603417 , and time now = 1585898613417

----------------- data ready to process -----------------
Accuracy :  99.99639106427514 %
--- 8.96726894379 seconds ---
Precision    :  0.5633802816901409
Recall       :  0.5633802816901409
f1 Socre     :  0.5633802816901409
[1 0 0 0 1 1 0 0 1 1 0 1 1 1 1 0 0 0 1 1 0 0 0 1 1 1 1 1 0 1 0 0 1 1 0 0 0
 0 1 0 0 1 0 0 0 1 1 1 0 0 0 0 1 0 0 0 0 0 0 0 1 1 0 0 0 0 0 0 0 0 0 1 0 0
 1 1 1 0 1 1 0 1 0 0 1 0 1 1 0 0 0 0 1 1 0 0 0 0 1 0 0 1 1 1 0 0 0 0 0 0 1
 0 1 0 0 0 0 1 1 1 0 1 1 0 1 0 0 1 0 0 1 0 0 1 1 0 0 0 1 1 1 0 0 0 0 0 1 1
 1 1 0 0 0 1 0 0 1 0 1 0 1 1 1 1 0 1 0 0 1 0 0 1 0 1 1 0 0 1 0 0 0 0 0 1 1
 1 0 0 1 1 1 1 1 1 0 1 1 1 0 0 0 1 0 0 1 0 0 1 0 1 0 1 0 1 1 0 0 1 1 0 0 0
 0 0 1 0 1 1 0 0 0 1 0 1 0 0 0 1 1 0 0 0 1 0 1 0 1 0 1 0 1 0 1 0 0 0 1 0 0
 0 0 0 1 0 1 1 0 0 1 0 0 0 0 0 0 0 0 1 0 1 1 1 0 0 1 0 0 1 0 1 1 0 0 0 0 1
 0 0 1 0 1 1 1 0 0 1 1 1 1 1 0 0 1 1 1 1 1 0 0 0 0 1 0 1 0 1 1 1 1 1 0 1 0
 1 1 0 1 1 1 0 0 0 0 0 1 0 1 1 0 1 1 0 1 1 1 0 1 1 0 0 1 1 1 0 0 1 0 1 0 0
 0 1 0 0 1 0 1 0 0 1 0 0 1 1 1 0 0 1 0 1 1 0 0 1 0 1 0 0 0 0 0 0 1 1 1 1 1
 0 0 0 0 0 0 1 0 0 1 0 1 0 1 1 1 0 0 1 1 0 1 1 0 0 0 0 0 1 0 1 0 0 0 0 0 1
 1 0 1 0 1 0 1 0 0 0 1 1 0 0 1 0 1 1 1 1 0 0 0 0 1 0 0 1 1 0 0 0 1 0 0 0 0
 0 0 0 1 1 1 0 1 0 0 1 0 1 0 0 0 1 0 0 1 0 0 0 1 0 0 0 0 1 1 0 0 0 0 0 1 0
 1 1 1 1 1 0 0 0 0 0 0 1 0 1 0 1 1 0 0 1 0 0 1 0 0 1 1 0 1 1 1 1 0 1 0 0 1
 1 1 1 0 1 0 0 0 1 0 1 0 0 0 0 1 1 1 0 0 0 1 1 0 0 1 0 1 1 1 1 1 0 0 0 1 1
 0 1 0 1 1 0 1 0 0 1 0 0 1 0 1 1 0 0 1 1 0 1 1 0 1 1 0 0 0 1 0 0 0 0 1 0 0
 1 0 1 0 0 1 0 0 1 0 0 0 1 0 1 1 1 1 0 0 0 1 1 1 0 0 1 0 0 0 0 1 1 0 0 1 0
 0 0 1 0 0 1 1 1 0 0 0 1 0 1 1 1 0 1 0 0 0 1 0 0 0 0 1 0 0 0 1 0 0 1 0 0 1
 1 0 0 1 1 0 1]

Done


time 10 second pass = 1585898623417 , and time now = 1585898633417

----------------- data ready to process -----------------
Accuracy :  99.99277639325315 %
--- 9.14532399178 seconds ---
Precision    :  0.6177325581395349
Recall       :  0.6177325581395349
f1 Socre     :  0.6177325581395349
[0 1 1 0 1 0 0 0 0 1 1 0 0 0 0 0 0 1 0 0 0 0 1 0 1 0 0 0 0 1 0 1 0 1 0 0 0
 0 0 0 0 0 0 0 0 0 1 1 1 0 1 0 1 0 1 0 0 0 0 0 0 1 0 0 0 0 0 1 1 1 0 0 1 0
 0 1 1 0 0 0 1 1 0 1 0 0 1 0 0 0 0 1 0 0 0 1 1 0 1 0 0 1 0 0 0 1 1 0 0 0 0
 0 1 0 1 0 0 1 0 1 0 0 1 0 1 1 0 0 0 0 1 1 0 1 1 0 0 0 1 0 1 0 0 0 1 1 0 0
 0 0 0 0 1 1 0 0 0 1 0 0 0 0 1 1 0 0 1 1 1 0 0 0 0 0 0 0 1 0 0 1 0 0 0 0 1
 0 0 0 0 1 0 1 0 0 0 0 0 0 0 1 1 0 0 1 0 0 0 0 0 0 1 0 0 0 1 0 1 0 1 1 0 1
 1 1 1 0 1 0 0 1 0 1 0 1 1 0 0 1 0 0 1 1 0 0 0 1 0 0 0 1 0 1 0 1 0 1 1 0 0
 1 1 0 0 0 1 1 1 1 1 1 1 0 0 0 1 1 1 1 1 0 1 0 0 0 0 0 0 1 0 1 0 0 1 0 1 0
 1 1 0 0 1 0 0 1 0 1 0 0 1 1 0 1 0 1 1 1 0 1 1 1 1 1 0 1 0 1 0 1 0 1 1 1 1
 1 0 1 1 0 1 0 0 1 0 0 1 0 0 0 0 1 1 0 0 0 0 0 0 0 0 0 0 0 0 0 1 0 0 1 0 1
 1 0 0 1 1 0 0 0 0 0 1 0 0 1 1 0 1 1 0 0 0 1 1 1 0 1 0 0 0 0 0 1 1 0 1 1 0
 0 1 1 0 0 0 0 0 0 1 0 1 1 1 1 0 0 1 0 1 0 1 0 0 0 1 0 0 1 1 0 0 0 0 0 0 1
 0 0 0 0 0 0 0 0 1 1 0 0 0 0 0 0 1 0 0 0 1 0 1 0 0 0 1 1 0 1 0 0 1 1 0 1 0
 1 1 1 0 1 0 1 1 0 1 0 0 0 0 0 1 0 0 0 0 1 0 0 0 1 1 1 1 0 0 0 0 0 0 1 1 0
 0 0 1 1 0 1 0 1 0 0 1 0 1 0 0 1 0 0 0 0 1 0 0 0 0 0 1 0 1 0 0 1 1 1 0 0 1
 0 1 0 0 1 1 0 0 0 0 1 1 0 0 0 0 1 0 1 1 1 1 0 1 1 0 0 0 0 1 1 0 0 0 1 0 0
 1 1 0 1 0 0 0 0 0 1 1 0 0 1 0 0 0 1 1 0 0 0 1 0 1 1 0 0 0 0 0 0 0 0 1 0 1
 0 1 0 1 1 0 0 0 1 0 0 0 0 0 0 0 0 1 0 1 0 1 1 0 0 0 0 0 0 0 1 0 0 1 1 1 0
 0 1 0 1 1 0 0 0 1 1 0 0 0 1 1 1 1 0 0 1 1 1]

Done


time 10 second pass = 1585898643417 , and time now = 1585898653417

----------------- data ready to process -----------------
Accuracy :  100.0 %
--- 9.32393503189 seconds ---
Precision    :  0.5872274143302181
Recall       :  0.5872274143302181
f1 Socre     :  0.5872274143302181
[0 1 0 0 0 1 0 0 0 1 1 0 0 1 0 0 0 1 1 0 0 0 1 0 1 0 1 0 0 0 1 1 0 1 0 1 0
 0 0 0 0 1 1 1 0 1 1 1 0 1 0 0 1 0 0 1 0 0 0 0 0 0 1 0 1 1 0 0 1 1 0 1 1 0
 0 0 1 0 0 0 0 1 1 0 1 0 0 0 1 0 0 0 0 1 1 0 0 0 0 0 0 1 0 1 1 0 0 0 0 0 1
 1 1 0 0 0 1 1 0 1 0 0 0 0 0 1 0 0 0 0 0 0 0 1 0 0 0 1 1 1 0 1 0 0 0 0 1 0
 0 1 0 0 1 0 0 0 1 1 1 1 1 0 1 1 0 1 0 1 0 1 0 0 0 0 0 0 1 1 0 1 1 0 0 0 1
 0 1 1 1 1 0 1 0 1 0 0 0 1 1 0 1 1 1 1 0 0 0 0 0 1 0 1 0 1 1 1 0 1 0 0 0 1
 0 1 1 0 0 0 0 1 0 0 0 0 1 1 1 1 0 0 0 0 1 0 1 0 1 0 1 1 1 1 0 0 0 1 0 0 1
 1 1 0 0 0 0 0 0 1 1 0 1 1 0 0 1 1 0 1 0 1 0 1 0 1 1 1 0 1 1 0 0 0 0 0 0 0
 0 0 0 1 0 1 1 0 0 0 0 0 1 0 1 1 0 1 1 0 0 0 1 0 0 1 1 1 1 0 1 0 1 1 1 0 0
 0 0 0 1 1 0 0 1 0 0 0 1 0 1 1 0 0 0 0 1 0 1 0 1 0 0 0 1 1 1 1 0 0 1 1 1 1
 0 0 1 1 1 1 0 0 0 0 1 0 0 1 1 0 0 1 1 0 0 0 1 1 1 1 1 1 0 0 1 0 0 1 1 0 0
 0 1 0 1 1 0 0 0 0 0 0 0 0 0 0 0 0 0 1 1 0 0 1 1 0 0 1 0 0 1 1 0 1 0 0 1 0
 1 0 0 0 0 0 0 1 0 1 0 0 0 0 0 0 1 0 0 1 0 0 1 1 1 0 0 1 0 1 1 0 1 0 0 0 1
 1 1 0 0 0 0 1 1 0 0 0 0 1 0 1 1 0 1 0 0 0 0 0 0 0 1 1 0 1 0 1 1 0 1 1 0 0
 1 1 0 0 0 1 0 0 1 0 0 0 0 1 0 0 1 0 0 1 0 0 1 0 0 0 0 1 1 0 0 0 1 0 0 1 0
 1 0 1 1 1 0 1 0 1 1 0 0 0 0 0 0 0 0 0 0 1 1 1 0 0 1 1 0 0 0 0 0 0 0 0 0 0
 1 1 0 1 1 1 1 1 1 1 1 1 1 0 1 0 0 1 0 1 1 1 1 0 1 0 1 1 1 0 0 0 0 0 1 0 0
 0 1 1 1 1 0 0 0 0 0 1 1 0]

Done


time 10 second pass = 1585898663417 , and time now = 1585898673417

----------------- data ready to process -----------------
Accuracy :  99.99640920679379 %
--- 9.01346898079 seconds ---
Precision    :  0.5823529411764706
Recall       :  0.5823529411764706
f1 Socre     :  0.5823529411764706
[0 0 0 0 1 1 0 0 1 1 0 0 0 0 0 0 1 1 1 1 1 1 1 1 1 1 0 0 0 0 1 1 1 1 1 1 0
 0 1 1 0 0 0 0 1 1 1 1 1 1 0 0 1 1 0 0 0 0 0 0 1 1 0 0 1 1 1 1 0 0 1 1 0 0
 0 0 1 1 1 1 0 0 0 0 1 1 0 0 1 1 1 1 1 1 0 0 0 0 1 1 0 0 1 1 1 1 0 0 0 0 0
 0 0 0 0 0 0 0 1 1 1 1 0 0 1 1 0 0 0 0 1 1 1 1 0 0 0 0 1 1 0 0 0 0 1 1 0 0
 0 0 0 0 1 1 1 1 1 1 1 1 0 0 1 1 0 0 0 0 0 1 0 1 1 0 1 0 0 0 0 1 1 0 1 1 0
 1 0 1 0 0 1 0 0 0 0 0 0 1 0 1 0 0 1 1 0 0 1 0 0 0 0 1 1 1 0 1 0 1 0 1 1 0
 0 0 0 1 1 1 0 0 1 1 0 0 1 1 0 1 0 0 1 0 1 0 1 0 1 1 0 0 0 0 0 1 0 1 1 1 0
 0 0 0 1 1 1 0 1 1 0 1 0 0 1 1 0 1 1 0 0 1 0 1 0 1 0 0 1 0 0 0 1 0 1 1 0 1
 1 0 0 1 0 1 0 0 0 0 0 0 1 0 0 1 0 1 0 0 0 0 0 1 1 0 1 0 1 0 0 0 1 1 0 1 1
 0 0 0 0 0 0 1 0 1 0 1 0 0 0 0 1 1 0 1 1 0 1 0 0 0 1 1 0 0 1 1 0 0 1 1 0 0
 1 1 0 0 0 0 0 0 1 0 1 0 0 1 0 0 1 1 1 0 0 0 1 0 1 1 1 0 1 1 0 0 1 0 1 1 0
 1 0 1 1 1 0 1 0 0 1 0 0 0 1 1 1 0 0 1 0 0 0 0 1 0 0 1 0 0 0 1 1 1 1 0 1 1
 0 0 0 0 1 0 0 0 1 0 1 0 0 0 0 0 0 0 1 0 0 0 0 1 0 0 1 1 1 1 1 1 0 0 0 0 1
 0 1 1 0 1 0 0 0 1 1 0 1 1 0 0 0 0 0 0 0 1 0 1 0 1 1 0 0 1 0 1 0 0 1 0 0 0
 0 0 1 0 0 1 1 1 1 0 1 1 0 1 0 1 0 1 0 1 0 0 1 1 1 1 1 0 1 1 0 1 0 0 0 0 0
 0 1 0 1 1 1 0 1 1 0 0 1 0 0 0 0 0 0 0 0 0 1 0 0 1 1 0 1 1 0 1 0 1 0 0 0 1
 0 1 0 0 0 1 0 1 0 0 1 0 0 0 0 0 0 0 0 0 1 0 1 1 0 0 0 0 0 1 0 0 1 1 1 1 0
 0 1 1 1 1 0 1 0 0 1 0 1 1 1 0 1 0 0 0 0 0 0 1 0 0 0 0 1 0 0 0 0 1 1 0 1 1
 1 0 0 1 1 0 0 0 0 1 0 1 0 0 1 0 0 0 0 0 1 1 1 0 1 0 0 0 0 1 0 0 1 1 0 0 0
 1 0 1 1 1 0 0 1 0 1 1 1 1 1 1 1 0 0 0 0 0 1 0 0 1 0 0 1 0 1 0 0 1 1 0 1 1
 0 1 0 1 0 1 0 1 0 1 0 1 0 0 1 0 1 1 0 0 0 0 1 1 0 0 0 0 0 1 0 0 0 0 0 1 1
 1 0 0 0 0 1 1 0 0 0 0 0 0 0 0 0 0 0 0 0 1 0 0 0 1 0 0 0 0 0 0 1 0 0 0 1 1
 0 0 0 0 0 0 1 0 1 0 1 0 1 0 0 1 1 1 0 0 0 0 1 0 0 0 0 0 0 1 0 0 0 0 1 1]

Done


time 10 second pass = 1585898683417 , and time now = 1585898693417

----------------- data ready to process -----------------
Accuracy :  100.0 %
--- 9.2140481472 seconds ---
Precision    :  0.5725938009787929
Recall       :  0.5725938009787929
f1 Socre     :  0.5725938009787929
[1 1 0 1 1 0 0 0 0 0 1 1 1 1 1 0 0 0 0 0 0 1 0 0 0 0 0 1 0 1 0 0 1 1 0 1 0
 1 0 1 0 0 0 0 1 1 1 1 1 1 1 1 0 0 0 0 0 0 0 0 0 0 1 1 0 0 0 0 1 1 0 1 0 1
 0 0 1 1 1 1 0 0 1 1 0 1 1 0 0 1 1 0 0 0 0 1 0 0 1 0 0 1 1 1 1 0 1 0 0 0 0
 0 1 0 0 0 1 0 0 0 1 0 1 1 0 0 0 1 1 1 1 0 1 1 0 0 1 0 0 0 0 1 0 1 1 0 1 0
 0 0 0 1 0 0 1 1 0 1 0 1 1 0 0 0 0 0 0 0 0 0 1 1 0 1 0 0 0 1 0 1 1 0 1 0 1
 0 0 0 1 1 0 0 0 0 0 1 1 0 0 1 0 0 0 1 1 1 1 0 1 1 1 1 0 0 0 1 0 1 1 1 0 1
 0 0 1 0 0 0 1 0 0 0 0 0 0 0 0 1 1 0 0 1 0 0 1 1 1 0 1 0 1 0 0 0 0 1 0 0 0
 1 1 0 0 1 0 1 0 0 0 1 1 0 0 1 0 0 0 1 0 1 1 1 1 0 0 1 0 1 0 1 1 0 0 1 0 0
 0 1 1 1 1 0 0 1 0 0 0 0 0 0 1 0 1 0 1 0 0 0 0 0 1 0 1 0 0 1 0 0 0 1 0 0 0
 1 0 0 1 0 1 0 1 1 0 1 0 0 1 0 1 1 1 1 0 0 0 1 0 1 0 0 1 0 1 0 0 1 0 0 1 1
 0 0 0 0 0 1 0 0 0 1 1 0 0 1 1 1 1 1 0 1 1 1 1 0 1 1 1 0 0 1 1 0 1 0 0 1 1
 1 1 0 1 0 1 0 0 0 0 1 0 0 1 0 0 1 0 0 0 0 1 0 0 0 0 0 1 0 1 0 1 0 1 0 0 1
 1 1 1 0 0 1 0 0 1 1 1 0 0 0 1 0 0 0 0 1 1 1 0 0 0 0 0 1 0 1 0 0 1 1 1 0 0
 1 0 1 1 1 1 0 1 0 1 0 0 0 0 0 1 0 0 1 0 1 1 0 1 1 0 0 1 0 0 1 0 0 1 0 0 0
 1 0 1 0 1 0 0 1 1 0 0 0 1 1 0 0 1 1 1 1 0 0 1 0 1 0 0 1 0 0 0 0 0 1 1 0 0
 0 0 0 1 0 0 1 0 0 1 1 0 0 0 1 1 0 1 0 1 1 0 0 0 1 0 0 0 0 0 1 1 0 0 1 0 0
 0 1 1 1 1 0 0 0 1 1 1 1 1 0 1 1 0 1 1 1 0]

Done


time 10 second pass = 1585898703417 , and time now = 1585898713417

----------------- data ready to process -----------------
Accuracy :  100.0 %
--- 9.49184989929 seconds ---
Precision    :  0.566006600660066
Recall       :  0.566006600660066
f1 Socre     :  0.566006600660066
[0 0 0 0 1 1 0 1 1 1 0 1 1 1 0 1 1 0 0 0 0 1 0 1 1 1 1 0 1 1 0 0 0 0 0 1 0
 0 1 0 0 1 1 0 1 1 1 0 0 0 0 1 0 1 0 1 1 1 1 1 0 0 1 0 1 0 0 0 0 1 0 0 0 0
 1 0 0 0 1 1 1 0 0 0 1 0 1 0 1 0 0 1 0 1 0 0 0 0 1 1 0 0 0 0 1 0 0 1 1 0 1
 1 1 1 1 1 0 1 1 1 0 0 1 0 0 0 0 1 1 1 0 1 1 1 1 0 0 1 0 0 1 0 0 0 1 0 0 0
 1 0 0 1 0 0 1 0 1 0 0 1 0 1 0 0 0 1 0 1 0 0 1 1 1 1 1 0 1 0 1 0 1 1 1 0 1
 0 0 0 1 1 0 0 0 0 1 1 1 1 0 0 1 1 0 1 0 1 1 0 0 1 1 0 1 0 1 0 0 1 1 1 0 1
 0 0 0 1 0 0 1 0 1 1 0 1 0 0 0 1 0 0 0 0 0 0 0 0 0 1 1 1 0 1 1 0 0 1 1 0 0
 0 1 0 0 0 1 0 0 1 1 1 1 0 1 1 1 1 0 0 1 0 1 0 0 0 0 0 1 0 1 0 1 0 0 1 1 0
 1 0 1 0 0 0 0 0 0 0 0 0 1 0 0 0 1 1 0 0 0 0 0 1 0 1 1 0 1 0 1 0 0 0 1 1 0
 0 1 1 1 0 0 0 0 0 1 1 0 1 0 0 0 0 1 0 0 1 0 1 0 0 0 0 0 1 0 1 1 0 0 0 1 1
 0 0 0 0 1 1 0 0 0 1 0 0 1 1 0 1 0 0 1 1 1 0 1 0 0 1 0 1 0 0 1 1 0 0 0 1 1
 1 0 0 1 1 0 0 0 1 1 0 0 0 0 1 0 0 0 0 1 0 0 0 1 0 1 0 1 0 0 1 1 0 0 1 0 0
 1 0 0 1 1 1 1 1 0 1 1 0 1 0 1 0 1 0 1 0 0 0 0 0 1 0 1 1 0 1 1 0 1 0 1 0 1
 1 1 0 0 1 1 0 1 1 1 0 1 1 1 0 0 1 0 1 1 0 1 0 0 1 1 1 1 0 0 0 1 1 0 0 0 1
 0 0 1 1 0 0 0 0 0 0 1 0 1 1 0 1 0 0 0 1 1 0 0 0 1 0 0 1 0 0 0 1 1 1 1 1 1
 0 1 0 1 1 1 1 1 0 1 0 1 0 0 1 1 0 0 0 0 0 0 0 0 0 0 1 0 1 0 0 0 0 1 0 0 1
 0 0 0 0 1 0 0 0 0 0 0 0 0 0]

Done


time 10 second pass = 1585898723417 , and time now = 1585898733417

----------------- data ready to process -----------------
Accuracy :  99.99640417116146 %
--- 8.88884997368 seconds ---
Precision    :  0.6041923551171393
Recall       :  0.6041923551171393
f1 Socre     :  0.6041923551171393
[1 1 0 0 0 0 1 0 0 1 1 0 1 1 1 0 1 0 0 1 0 1 0 1 1 0 0 0 0 0 1 0 1 1 1 1 0
 1 1 1 0 0 1 0 0 0 0 1 0 1 0 1 0 1 0 0 1 0 0 0 0 0 0 0 1 0 0 0 0 1 0 1 0 0
 0 1 1 1 0 1 0 0 0 1 1 0 1 1 0 0 1 0 0 1 0 0 0 1 0 1 0 1 1 0 0 0 1 0 1 0 0
 0 0 0 0 1 0 1 0 0 1 1 0 0 0 0 0 0 1 1 1 1 1 0 0 1 0 1 0 0 0 0 1 0 1 0 1 0
 1 0 1 0 0 0 1 0 0 0 1 0 0 1 1 0 1 1 0 1 1 0 0 1 1 1 1 1 1 0 0 0 0 1 0 1 0
 1 0 0 0 0 1 0 0 0 0 0 0 0 0 0 0 0 1 0 0 1 1 1 0 0 1 1 0 0 0 0 0 0 1 0 1 0
 1 0 0 1 1 1 1 1 0 1 1 1 0 1 0 0 0 1 1 1 0 1 1 0 1 1 0 0 0 0 0 1 1 0 0 0 0
 0 0 1 1 1 0 0 0 0 0 1 1 0 0 0 0 1 0 0 1 0 0 1 1 1 0 1 0 0 0 0 0 0 0 0 0 1
 1 0 0 0 0 1 1 0 1 0 0 0 0 1 1 0 0 0 0 0 0 0 0 0 0 0 0 1 0 0 0 0 1 1 1 1 0
 0 0 0 0 0 1 1 0 0 1 1 0 0 0 0 1 1 0 0 0 0 1 1 0 0 1 1 1 0 0 0 0 0 1 1 1 0
 0 0 0 1 1 0 1 0 1 0 1 1 1 1 1 0 0 0 1 0 0 0 1 0 0 1 0 0 1 0 0 1 1 0 0 1 1
 0 1 0 0 1 1 1 1 0 0 0 0 0 0 1 0 0 0 0 1 0 1 0 0 1 1 0 0 1 0 1 1 0 0 1 1 0
 0 1 1 0 0 1 0 0 1 0 0 1 0 0 1 0 1 0 1 0 0 0 1 1 1 0 0 1 1 0 0 1 0 0 0 1 0
 1 1 0 1 0 0 0 0 1 0 0 1 1 0 1 0 1 0 0 1 0 0 0 0 1 1 0 0 0 0 0 0 1 1 1 0 0
 1 0 0 1 1 1 0 1 0 0 0 1 0 0 0 0 0 1 0 1 1 1 0 0 0 1 1 0 0 0 1 1 0 1 0 0 1
 1 0 0 0 1 1 1 0 0 1 0 0 0 0 0 0 0 1 0 1 1 1 0 1 0 0 0 0 1 0 0 0 1 0 0 0 0
 1 0 1 1 0 1 0 1 0 1 0 0 0 0 1 0 1 1 0 1 1 0 0 0 1 0 0 0 0 0 1 1 0 1 0 1 0
 1 0 0 1 1 1 0 0 1 1 1 0 0 1 0 0 0 1 0 0 0 1 1 0 0 0 0 0 1 0 0 1 0 0 1 1 1
 0 1 1 1 1 0 0 1 0 0 1 0 0 1 0 0 0 0 0 1 0 1 1 0 1 0 0 1 0 1 0 1 1 1 1 0 0
 0 1 0 0 0 1 1 1 1 1 1 1 0 1 0 0 0 0 0 1 1 0 0 1 0 0 1 0 1 1 0 1 0 1 1 0 1
 0 1 0 1 1 0 0 0 0 0 1 0 0 1 1 0 0 0 0 0 0 1 1 1 0 1 1 0 0 0 0 0 0 0 1 0 0
 0 0 0 0 1 0 0 0 1 0 0 0 0 0 1 0 1 0 0 0 1 0 1 0 1 0 0 0 0 0 0 0 1 1]

Done


time 10 second pass = 1585898743417 , and time now = 1585898753417

----------------- data ready to process -----------------
Accuracy :  100.0 %
--- 15.2995100021 seconds ---
Precision    :  0.6210653753026635
Recall       :  0.6210653753026635
f1 Socre     :  0.6210653753026635
[0 0 1 1 1 0 0 0 0 0 0 1 0 0 0 0 1 1 0 0 0 0 0 1 0 0 0 0 0 1 0 0 0 0 0 0 1
 0 0 0 1 0 1 1 0 0 1 0 0 0 0 0 0 1 1 0 0 1 0 0 0 0 0 0 1 0 1 1 0 1 0 0 0 0
 1 1 0 1 1 0 0 1 0 0 0 0 0 0 0 1 0 0 0 0 0 1 1 0 0 0 1 0 1 0 1 1 0 0 0 1 1
 1 0 1 1 0 1 1 0 1 1 1 1 0 1 1 0 0 0 1 1 0 0 1 0 1 0 0 0 0 1 0 0 0 0 0 0 0
 0 1 1 0 1 0 0 1 0 1 0 1 0 1 0 1 0 1 0 0 0 0 0 1 1 1 0 0 0 0 1 0 0 0 1 1 1
 0 0 1 1 0 0 0 0 0 0 0 0 0 0 1 0 0 0 0 0 0 0 0 0 0 0 0 0 0 0 0 0 0 0 0 0 1
 1 0 0 0 0 0 1 0 0 0 1 0 1 0 0 1 1 0 1 0 0 1 0 0 0 1 1 0 1 0 0 1 1 0 0 0 1
 0 1 0 0 1 0 0 1 0 1 1 0 0 0 0 0 0 0 1 1 0 0 0 0 0 1 0 1 1 0 0 1 0 0 0 0 1
 1 1 1 1 1 1 0 1 1 0 1 0 1 0 0 1 1 1 0 1 0 1 1 0 0 0 0 1 0 0 1 0 0 1 1 1 0
 0 0 1 0 1 1 0 1 1 0 0 0 0 0 1 1 0 1 0 1 0 1 0 0 1 1 0 1 0 0 1 0 0 0 0 1 0
 1 0 0 0 1 1 0 1 0 0 1 0 0 1 1 0 0 0 1 0 0 1 1 0 1 0 0 0 1 0 0 0 1 1 0 0 0
 0 0 1 1 1 1 0 1 0 0 0 0 1 0 1 0 1 0 1 1 1 1 0 0 0 0 1 0 1 0 1 0 1 1 1 0 0
 1 1 0 1 0 0 1 0 1 1 1 0 0 0 0 0 1 1 0 0 1 1 0 0 0 1 0 1 1 0 0 0 1 0 0 1 0
 1 1 0 0 1 1 0 1 0 0 1 0 0 1 1 0 0 0 1 0 1 1 0 1 1 0 0 1 1 0 0 0 0 0 0 0 0
 0 1 0 0 1 1 1 0 0 0 0 0 0 0 1 1 0 0 0 1 1 0 1 1 1 0 1 0 1 0 0 0 0 1 0 0 1
 0 0 1 0 0 0 1 0 0 0 0 0 1 0 0 0 0 1 1 0 0 0 1 1 0 1 1 0 0 0 0 0 1 1 1 0 1
 1 1 1 0 0 0 1 0 1 0 0 0 0 0 1 0 1 0 0 0 0 0 0 1 1 0 1 1 0 0 0 1 1 1 0 0 1
 0 0 1 0 1 0 1 0 1 0 0 1 0 1 0 1 0 0 1 1 0 0 0 0 0 0 0 0 0 0 0 0 0 0 0 1 0
 1 0 0 1 1 0 0 0 1 0 0 0 1 0 1 1 1 1 1 0 0 0 1 1 0 0 1 0 1 0 1 0 1 0 0 1 0
 0 1 0 1 0 0 0 0 1 0 0 1 0 0 1 1 0 1 1 0 0 0 1 0 0 1 1 0 0 1 1 1 0 0 0 0 1
 1 1 1 1 0 0 0 0 1 1 1 1 1 0 0 0 0 0 1 0 0 0 1 1 1 0 1 0 0 1 0 0 1 0 0 0 0
 0 0 0 1 1 0 1 0 0 0 1 1 0 0 1 1 0 0 0 1 0 0 0 1 0 0 0 0 0 1 0 0 0 0 1 0 0
 1 0 1 0 1 1 0 0 1 1 0 1]

Done


time 10 second pass = 1585898763411 , and time now = 1585898773411

----------------- data ready to process -----------------
Accuracy :  100.0 %
--- 9.08221793175 seconds ---
Precision    :  0.5808823529411765
Recall       :  0.5808823529411765
f1 Socre     :  0.5808823529411765
[1 1 1 1 1 1 1 1 0 1 0 1 1 0 1 0 1 0 0 1 1 1 0 0 0 1 1 0 0 0 1 1 1 0 0 1 0
 1 0 1 0 0 1 0 0 1 0 0 1 0 0 0 0 0 1 0 1 0 0 1 1 0 0 1 1 0 0 0 1 1 0 1 0 0
 0 1 0 1 0 0 1 1 0 0 1 1 1 0 0 1 0 0 1 1 1 0 0 0 1 1 1 1 0 0 0 1 1 1 0 0 0
 0 0 0 0 0 1 1 1 1 0 0 0 1 1 1 0 1 1 1 0 1 0 0 0 0 0 0 0 1 1 1 0 0 0 1 0 0
 1 0 0 1 0 0 0 1 1 0 1 0 1 1 0 0 0 1 0 0 1 1 0 0 0 0 0 1 0 1 0 0 1 0 0 1 0
 1 0 0 0 1 0 0 0 1 0 1 0 0 0 0 0 0 0 1 0 1 1 0 0 0 1 1 1 0 0 0 0 0 0 1 0 0
 1 0 0 1 1 1 0 0 0 0 1 0 0 1 1 1 0 1 0 1 0 1 1 1 1 1 0 1 1 0 0 0 1 0 0 0 0
 1 1 0 0 1 1 0 1 1 1 0 1 1 1 0 1 0 0 1 0 0 1 0 0 1 1 1 0 0 0 0 0 1 0 0 1 0
 0 1 0 0 0 1 0 1 1 0 1 1 0 1 0 1 1 0 1 0 0 0 0 1 0 0 0 0 1 1 0 0 1 0 1 1 1
 1 0 1 0 0 1 0 0 1 0 0 0 1 0 0 0 0 1 0 1 0 0 1 0 1 0 1 1 0 0 1 1 0 0 0 0 0
 0 0 1 0 0 0 0 0 1 0 0 0 1 0 0 1 1 0 1 0 0 1 1 1 0 0 0 1 0 1 1 0 0 1 1 0 0
 1 0 1 1 0 0 0 0 0 1 0 0 0 0 1 1 0 0 0 1 0 1 0 0 1 0 1 1 0 0 1 0 1 0 0 1 1
 0 1 1 0 0 1 0 1 0 0 0 1 1 0 0 0 0 0 0 1 1 0 0 0 0 0 1 0 1 0 1 1 0 0 1 0 0
 0 0 1 1 0 1 0 0 0 1 1 1 1 1 0 0 0 1 0 0 0 0 1 0 1 0 1 1 0 0 1 0 1 0 1 0 1
 0 0 0 0 0 1 1 1 0 0 0 0 0 0 1 1 0 0 1 0 0 0 1 1 0 1]

Done


time 10 second pass = 1585898783417 , and time now = 1585898793417

----------------- data ready to process -----------------
Accuracy :  100.0 %
--- 9.49370503426 seconds ---
Precision    :  0.5627476882430648
Recall       :  0.5627476882430648
f1 Socre     :  0.5627476882430648
[0 0 0 0 1 1 1 1 1 1 1 1 1 0 1 1 1 1 1 0 0 1 0 0 1 0 0 0 1 0 1 0 1 1 0 1 0
 0 0 1 1 0 1 1 1 1 0 0 1 1 0 1 0 1 0 1 1 0 1 1 0 1 0 1 1 1 0 0 0 0 0 0 0 0
 0 0 0 1 0 0 0 1 0 0 1 0 1 0 0 1 0 1 0 1 0 0 1 1 0 0 1 1 0 0 0 1 0 0 0 1 1
 1 0 1 1 1 0 1 0 1 0 1 0 0 0 1 1 1 0 1 1 1 1 1 1 0 0 1 0 1 0 1 0 1 0 0 1 0
 0 0 0 0 0 0 0 0 1 0 1 1 1 0 0 0 0 1 0 1 0 1 1 0 0 0 1 1 0 0 1 1 1 1 0 0 1
 0 0 0 0 0 0 0 1 0 1 0 0 1 0 0 0 0 1 0 0 1 0 1 0 0 0 0 0 0 1 0 0 1 1 0 0 1
 0 1 1 0 0 0 1 0 1 1 0 0 1 0 1 0 1 0 0 0 0 1 0 0 1 0 1 1 0 1 0 1 0 1 1 1 1
 0 1 0 1 1 0 0 0 0 1 1 1 1 0 0 0 1 1 0 0 1 0 1 1 1 1 0 0 0 0 0 0 0 0 0 1 1
 0 0 1 1 0 0 1 0 1 0 0 0 0 0 0 1 0 0 0 0 0 0 1 0 1 0 1 1 0 1 0 0 0 1 0 1 1
 0 0 1 1 1 0 0 1 1 0 0 0 0 0 0 1 0 0 0 0 0 1 1 0 0 1 0 1 0 0 1 1 1 0 0 0 0
 0 0 1 0 1 0 0 0 0 1 0 0 1 1 0 1 0 1 1 0 0 1 1 1 1 1 1 0 1 0 0 1 1 0 0 0 0
 1 1 0 0 1 1 1 1 1 0 1 0 1 1 1 0 1 0 0 1 0 1 1 1 1 1 1 1 1 0 0 0 0 0 0 1 0
 0 1 0 1 1 0 0 0 0 0 0 0 1 0 0 0 1 0 1 0 0 0 1 0 0 0 1 1 0 1 0 0 1 0 0 1 1
 1 0 0 0 0 0 1 0 0 1 1 1 1 1 1 0 0 0 1 1 1 0 1 0 1 0 0 0 1 0 1 1 0 0 1 1 1
 1 0 1 0 0 1 1 1 0 1 0 0 1 0 1 1 1 0 0 1 1 1 0 0 1 0 0 1 0 1 1 1 0 1 0 1 0
 1 0 1 1 0 1 0 1 0 0 1 1 1 0 0 0 1 1 0 1 1 1 0 1 1 0 0 1 0 0 0 1 0 1 0 1 0
 1 0 0 0 1 0 1 1 0 1 1 0 0 0 0 0 1 1 0 1 0 1 0 1 1 0 1 1 0 1 0 0 0 1 0 1 1
 0 1 0 0 0 0 1 0 0 0 0 1 1 0 0 0 1 1 1 1 0 0 0 1 0 0 1 1 1 0 1 1 0 0 0 0 0
 0 0 0 0 0 0 0 0 0 0 0 0 1 1 1 0 1 1 0 0 1 0 0 0 1 1 0 1 0 0 1 1 0 1 0 0 0
 0 0 0 0 0 0 1 0 0 0 1 1 0 1 1 0 0 0 0 0 1 0 1 0 0 1 1 0 1 0 0 1 0 0 0 0 1
 0 1 1 0 0 0 1 1 1 0 0 0 0 0 0 0 1]

Done


time 10 second pass = 1585898803413 , and time now = 1585898813413

----------------- data ready to process -----------------
Accuracy :  99.98557414887478 %
--- 9.72777605057 seconds ---
Precision    :  0.6241426611796982
Recall       :  0.6241426611796982
f1 Socre     :  0.6241426611796982
[1 0 0 1 0 1 1 0 0 0 1 0 0 0 1 0 0 0 0 0 0 0 0 0 1 0 1 1 1 0 0 0 0 0 0 1 0
 1 0 0 1 0 0 0 0 0 0 0 0 0 1 0 1 1 0 0 0 1 1 1 1 0 0 1 1 0 1 0 1 1 0 1 0 1
 1 0 1 0 0 0 0 0 0 0 1 1 1 0 1 0 1 1 1 0 0 0 1 1 1 0 0 0 0 0 0 1 1 0 0 0 1
 0 1 1 0 1 1 0 0 0 0 0 0 0 1 0 0 1 0 0 1 0 0 0 0 0 0 1 0 1 0 1 1 0 0 0 0 1
 0 1 1 0 0 0 1 0 1 0 0 0 0 0 1 1 0 1 0 0 1 0 0 0 1 1 1 1 1 1 1 0 0 0 0 1 1
 1 0 0 0 0 1 1 0 0 1 0 1 1 0 0 0 0 1 1 1 0 1 0 1 1 0 0 0 0 0 1 1 0 0 0 0 1
 1 1 0 1 0 0 0 0 1 1 0 1 1 1 1 1 1 0 1 0 0 1 0 1 0 1 1 1 0 1 1 1 0 1 0 0 0
 1 0 0 0 0 1 0 0 0 0 0 0 0 1 1 1 0 1 1 0 0 0 1 0 1 0 0 1 0 1 1 0 0 0 0 0 0
 0 1 0 0 0 1 0 0 1 0 0 1 1 1 0 0 0 1 0 0 0 1 0 0 1 0 1 0 0 0 0 1 0 1 1 0 0
 0 0 1 1 0 0 0 0 0 0 0 0 1 1 0 0 0 0 0 0 1 0 0 1 0 0 1 1 1 1 1 0 0 0 0 0 0
 0 0 0 1 0 0 0 0 0 1 0 0 0 1 0 1 1 0 0 0 0 0 0 0 1 0 1 0 1 1 0 1 0 0 1 1 1
 0 0 0 0 1 0 0 1 1 1 1 0 0 0 1 0 0 0 0 0 0 0 0 1 0 0 1 1 0 1 0 0 1 0 1 0 0
 0 1 0 0 0 1 1 0 0 0 0 1 0 1 0 1 0 1 0 1 0 1 1 0 0 1 1 1 1 0 0 0 1 0 1 0 0
 0 1 0 0 1 1 0 1 1 1 0 1 0 1 0 0 1 1 0 0 0 0 0 0 0 1 0 1 1 0 0 0 1 0 0 0 1
 1 0 1 1 1 1 0 0 0 0 0 0 1 0 0 0 1 1 0 1 1 1 0 0 0 0 0 1 0 1 0 0 0 0 1 0 1
 0 0 0 1 0 1 0 0 0 1 0 0 1 0 1 0 1 0 0 0 0 0 0 0 1 0 1 1 1 1 0 0 0 1 0 0 1
 1 1 1 0 1 0 0 0 1 0 1 0 0 0 0 0 0 1 1 0 0 0 0 0 0 0 0 1 1 1 0 1 0 0 1 0 0
 1 1 0 0 1 0 0 0 1 1 0 1 0 1 1 0 1 1 0 0 0 1 0 1 1 1 0 0 0 0 1 1 0 1 0 0 0
 0 0 1 0 0 1 0 0 1 0 0 0 0 0 0 1 0 0 0 1 0 0 0 1 0 0 0 1 0 1 0 0 0 1 0 0 1
 0 0 0 0 1 1 0 0 0 0 1 0 0 1 0 1 0 0 0 1 1 0 0 0 0 0]

Done


time 10 second pass = 1585898823413 , and time now = 1585898833413

----------------- data ready to process -----------------
Accuracy :  99.99639678593304 %
--- 8.71385598183 seconds ---
Precision    :  0.5822281167108754
Recall       :  0.5822281167108754
f1 Socre     :  0.5822281167108754
[1 0 1 1 1 1 0 1 1 1 1 1 0 0 1 0 1 0 0 0 0 0 0 0 0 0 0 0 1 0 0 0 1 0 0 0 1
 0 0 0 0 1 1 1 1 1 0 1 1 0 0 0 1 1 1 1 0 1 0 1 1 1 1 0 0 0 1 0 1 0 0 0 1 0
 0 0 0 1 0 0 0 0 1 1 0 1 0 0 0 0 1 0 1 0 0 0 1 0 1 0 1 1 0 1 0 0 0 0 0 0 1
 1 1 0 1 0 0 0 0 1 0 0 0 1 0 1 1 1 0 0 0 0 1 1 0 0 0 1 0 1 0 0 0 1 0 0 1 0
 1 0 1 0 1 1 1 1 0 1 1 0 0 1 1 0 0 1 0 1 0 1 0 0 0 0 0 0 1 1 0 1 0 0 1 0 1
 0 0 1 0 0 1 1 0 0 0 0 1 0 1 0 0 1 0 0 0 0 0 1 1 0 0 0 1 0 1 0 0 0 1 0 0 0
 1 1 0 0 1 0 1 1 1 0 0 0 0 1 0 0 1 1 0 0 0 1 0 0 1 1 0 0 0 1 0 1 1 0 1 0 0
 1 0 0 0 0 0 0 0 1 1 0 1 1 0 0 0 1 0 0 0 0 0 1 0 0 1 1 0 1 1 1 0 0 0 0 0 0
 1 1 0 0 1 1 0 1 0 0 1 0 1 0 0 1 0 0 1 0 1 1 1 0 0 0 1 1 0 0 0 1 0 0 1 0 0
 1 0 1 0 0 0 0 0 0 0 1 1 0 0 1 1 0 1 0 1 0 1 0 1 0 0 1 0 1 0 1 1 1 1 1 0 0
 0 0 0 1 1 0 0 1 1 0 0 0 0 0 1 1 0 0 0 1 0 0 0 0 1 0 0 0 0 1 0 1 1 1 0 0 0
 1 0 1 0 0 0 1 0 1 0 0 0 0 0 1 0 1 1 0 1 1 1 0 0 1 1 1 1 0 0 1 1 1 0 1 1 0
 1 1 0 1 1 1 0 0 1 0 1 1 1 0 1 0 0 1 1 1 0 0 0 0 0 1 1 0 1 1 0 0 1 0 1 0 0
 0 1 1 1 1 1 0 1 1 0 1 1 0 0 1 1 1 1 1 0 0 0 0 0 1 1 0 0 0 1 1 0 0 1 0 1 1
 1 0 0 0 0 1 0 1 1 0 0 0 0 0 0 0 0 1 0 0 1 0 0 1 1 0 1 0 0 1 0 0 1 1 0 0 0
 1 0 1 1 0 0 0 0 0 0 1 0 0 1 0 0 1 0 0 1 0 1 0 0 1 0 1 0 1 1 0 1 1 0 0 1 0
 1 0 1 0 0 0 1 0 1 1 0 1 0 1 0 0 1 1 0 1 1 0 1 1 1 1 0 0 1 1 1 0 0 0 0 0 1
 1 1 1 1 0 1 1 0 0 0 0 0 1 1 0 1 1 1 1 0 0 0 0 1 0 1 1 0 0 0 1 0 0 0 0 1 0
 0 1 1 0 0 0 0 0 1 0 0 0 1 0 0 0 0 0 0 1 1 0 1 1 1 0 1 1 0 0 1 0 1 0 0 1 0
 0 0 0 1 0 0 0 1 1 1 0 0 0 1 1 0 0 0 0 0 0 0 1 0 1 0 1 0 0 0 1 1 0 1 0 0 0
 1 0 0 0 0 0 0 0 1 0 1 1 1 0]

Done


time 10 second pass = 1585898843417 , and time now = 1585898853417

----------------- data ready to process -----------------
Accuracy :  99.99280627293 %
--- 8.70140099525 seconds ---
Precision    :  0.5915317559153176
Recall       :  0.5915317559153176
f1 Socre     :  0.5915317559153176
[0 1 0 0 1 1 0 1 0 0 1 0 0 1 1 0 1 0 0 0 1 0 0 0 0 0 0 0 0 1 0 0 0 0 0 1 1
 0 0 1 0 0 0 0 0 0 0 0 0 1 0 0 1 0 0 0 0 1 0 1 1 0 1 0 1 1 0 1 0 1 0 1 1 1
 1 0 0 0 0 0 0 1 0 0 0 0 0 1 0 0 1 0 1 1 0 1 1 1 0 0 0 1 0 0 1 0 0 0 0 1 0
 1 0 1 1 0 0 1 0 0 0 1 0 1 0 0 0 1 1 0 1 0 1 1 1 1 0 1 0 1 0 0 0 1 0 1 1 1
 1 1 0 0 0 0 1 0 1 1 0 1 0 0 1 1 1 1 0 1 0 0 1 1 0 1 0 0 1 0 0 0 0 1 1 1 0
 0 0 0 0 1 0 0 1 0 0 1 1 1 1 0 1 1 1 1 1 0 0 1 0 0 0 0 1 1 0 0 1 1 0 1 0 1
 0 1 1 0 1 1 0 0 0 1 0 1 0 1 0 0 1 0 1 0 0 1 0 0 0 0 1 1 1 1 1 0 1 0 1 0 0
 0 1 0 0 1 1 0 0 1 1 0 0 0 0 0 0 0 1 1 0 0 0 1 0 1 0 1 1 0 1 1 1 0 0 0 0 1
 1 0 1 1 0 1 1 0 0 0 1 1 0 1 1 1 1 1 0 1 1 1 0 1 0 1 0 0 1 0 0 1 1 0 1 0 0
 1 1 1 1 1 1 1 1 0 1 0 1 0 0 1 0 0 0 1 0 1 0 0 0 0 1 1 1 0 1 0 0 1 0 0 1 1
 0 0 1 0 0 0 0 0 0 0 0 1 1 0 1 0 1 1 1 0 0 0 0 0 1 0 0 0 0 0 0 1 0 0 0 0 0
 1 0 0 0 0 0 1 1 1 1 0 0 0 0 0 1 1 1 1 1 0 0 0 1 1 0 1 1 0 1 0 1 1 0 1 0 1
 0 0 1 1 1 0 1 0 0 0 0 1 1 1 1 1 0 0 0 0 0 0 1 0 0 1 0 0 1 0 1 1 1 0 0 0 1
 1 1 1 0 0 1 0 0 1 0 0 0 0 0 0 1 0 1 1 1 0 0 0 1 0 1 0 0 1 1 0 0 1 1 0 0 0
 0 1 0 1 1 0 1 0 0 0 0 0 1 0 1 1 1 0 0 0 1 0 0 0 0 0 0 1 0 1 1 1 1 0 1 1 0
 0 0 1 1 1 0 0 0 0 0 0 0 0 1 0 0 0 0 0 1 0 0 1 1 0 0 0 0 1 1 1 0 0 0 0 0 0
 1 1 1 1 1 0 1 0 0 0 0 0 0 0 0 0 0 0 1 1 0 0 0 0 1 1 1 1 1 0 0 0 1 0 1 1 1
 0 0 1 0 0 0 0 0 0 0 1 1 0 0 0 0 0 1 1 1 0 1 0 1 1 0 0 0 0 0 0 0 1 1 0 1 0
 0 0 1 1 1 0 0 1 0 0 0 0 1 0 0 1 1 1 0 1 0 0 1 0 0 0 1 1 0 0 1 0 0 0 0 0 0
 1 0 0 1 0 1 1 0 0 1 1 0 1 0 0 0 1 0 0 1 0 0 0 0 1 0 0 1 0 0 0 0 1 0 0 1 1
 1 0 0 0 0 1 1 0 1 0 1 0 1 1 0 0 0 1 0 0 0 0 1 1 0 0 1 0 0 1 1 1 0 0 0 0 0
 1 0 0 1 0 0 0 0 0 0 1 0 1 0 0 0 0 0 1 1 1 0 0 0 0 0]

Done


time 10 second pass = 1585898863417 , and time now = 1585898873417

----------------- data ready to process -----------------
Accuracy :  100.0 %
--- 9.38186717033 seconds ---
Precision    :  0.593423019431988
Recall       :  0.593423019431988
f1 Socre     :  0.593423019431988
[1 0 0 0 0 1 0 0 1 0 0 0 0 1 1 1 0 0 0 1 1 0 1 0 0 0 0 1 1 0 1 0 1 0 0 0 1
 1 1 0 1 1 1 1 0 1 0 0 0 0 1 0 0 0 0 1 0 0 0 1 0 0 0 1 0 1 0 1 0 0 0 0 1 0
 0 0 1 1 1 1 0 0 0 0 0 1 0 0 0 0 0 1 1 0 1 0 1 0 0 1 0 0 0 0 0 0 1 0 0 0 1
 0 0 1 0 0 1 0 1 0 1 1 1 0 0 0 0 1 0 1 0 0 0 1 1 1 0 0 0 0 0 1 1 1 1 1 1 0
 0 1 0 0 0 0 0 0 1 0 1 0 1 0 0 0 0 0 1 0 0 0 0 1 0 1 0 0 0 1 1 1 0 0 0 0 0
 1 0 1 1 0 0 0 0 0 1 0 0 0 0 1 0 1 0 0 1 1 0 0 0 0 1 1 0 0 1 0 0 0 0 0 0 1
 1 0 0 0 0 0 1 0 0 0 1 0 0 1 0 0 1 0 0 0 1 1 1 0 0 0 0 0 1 0 0 1 1 1 0 1 0
 0 0 1 1 1 0 0 0 0 1 0 0 0 1 0 1 0 0 1 1 0 0 1 0 1 1 1 0 1 1 0 1 0 1 0 1 1
 0 1 1 0 1 0 0 0 1 1 0 1 0 0 0 0 0 0 1 0 1 0 1 1 1 0 0 0 0 1 1 1 0 0 1 1 1
 0 0 1 0 1 1 1 0 0 0 0 0 1 1 0 1 1 1 0 1 0 1 0 1 0 1 0 0 1 1 1 0 0 0 0 0 1
 0 1 0 1 0 0 1 1 1 1 1 0 0 1 0 1 0 0 0 0 0 0 0 0 0 0 1 1 1 0 0 0 1 0 1 0 1
 1 1 0 1 0 1 0 0 1 1 0 0 1 0 0 0 0 1 1 1 1 0 1 0 0 1 0 0 0 1 1 0 0 1 0 1 1
 0 0 1 1 0 1 1 0 0 1 0 0 0 0 1 0 1 1 0 0 1 1 0 0 0 0 0 1 1 1 0 1 0 0 1 1 1
 1 1 1 0 1 0 0 1 0 0 1 0 0 1 1 1 0 1 0 0 0 0 0 0 0 0 0 1 0 0 0 1 1 1 1 0 0
 0 0 0 1 0 1 0 0 0 1 1 0 0 0 1 0 0 0 1 1 1 1 0 1 0 0 0 1 1 1 0 0 0 1 0 0 0
 1 0 0 1 0 0 1 1 0 1 0 1 0 0 0 0 0 1 1 0 0 1 0 0 0 1 1 0 1 0 0 1 1 0 0 0 1
 1 0 0 0 0 0 0 0 0 0 1 0 1 1 0 1 1 1 0 0 1 1 1 1 0 0 1 0 1 1 0 0 0 0 0 1 0
 0 0 0 0 1 1 0 1 0 1 1 1 1 0 1 0 1 0 1 0 1 1 0 1 0 1 1 0 1 0 0 1 0 1 0 1 0
 0 0 0]

Done


time 10 second pass = 1585898883417 , and time now = 1585898893417

----------------- data ready to process -----------------
Accuracy :  100.0 %
--- 8.11904406548 seconds ---
Precision    :  1.0
Recall       :  1.0
f1 Socre     :  1.0
[1 1 1 1 1 1 1 1 1 1 1 1 1 1 1 1 1 1 1 1 1 1 1 1 1 1 1 1 1 1 1 1 1 1 1 1 1
 1 1 1 1 1 1 1 1 1 1 1 1 1 1 1 1 1 1 1 1 1 1 1 1 1 1 1 1 1 1 1 1 1 1 1 1 1
 1 1 1 1 1 1 1 1 1 1 1 1 1 1 1 1 1 1 1 1 1 1 1 1 1 1 1 1 1 1 1 1 1 1 1 1 1
 1 1 1 1 1 1 1 1 1 1 1 1 1 1 1 1 1 1 1 1 1 1 1 1 1 1 1 1 1 1 1 1 1 1 1 1 1
 1 1 1 1 1 1 1 1 1 1 1 1 1 1 1 1 1 1 1 1 1 1 1 1 1 1 1 1 1 1 1 1 1 1 1 1 1
 1 1 1 1 1 1 1 1 1 1 1 1 1 1 1 1 1 1 1 1 1 1 1 1 1 1 1 1 1 1 1 1 1 1 1 1 1
 1 1 1 1 1 1 1 1 1 1 1 1 1 1 1 1 1 1 1 1 1 1 1 1 1 1 1 1 1 1 1 1 1 1 1 1 1
 1 1 1 1 1 1 1 1 1 1 1 1 1 1 1 1 1 1 1 1 1 1 1 1 1 1 1 1 1 1 1 1 1 1 1 1 1
 1 1 1 1 1 1 1 1 1 1 1 1 1 1 1 1 1 1 1 1 1 1 1 1 1 1 1 1 1 1 1 1 1 1 1 1 1
 1 1 1 1 1]

Done


time 10 second pass = 1585898903417 , and time now = 1585898913417

----------------- data ready to process -----------------
Accuracy :  100.0 %
--- 7.82838797569 seconds ---
Precision    :  1.0
Recall       :  1.0
f1 Socre     :  1.0
[1 1 1 1 1 1 1]

Done


